1, 5.92340E+01, -8.14608E+00, -3.33333E+01, 0.00000E+00, 0.00000E+00, 0.00000E+00
2, 5.76184E+01, -8.14608E+00, -3.33333E+01, 0.00000E+00, 0.00000E+00, 0.00000E+00
3, 5.76188E+01, -8.14608E+00, -3.16667E+01, 0.00000E+00, 0.00000E+00, 0.00000E+00
4, 5.92340E+01, -8.14608E+00, -3.16667E+01, 0.00000E+00, 0.00000E+00, 0.00000E+00
5, 5.92340E+01, -3.76585E+00, -3.33333E+01, 0.00000E+00, 0.00000E+00, 0.00000E+00
6, 5.76184E+01, -3.76585E+00, -3.33333E+01, 0.00000E+00, 0.00000E+00, 0.00000E+00
7, 5.92340E+01, -3.76585E+00, -3.16667E+01, 0.00000E+00, 0.00000E+00, 0.00000E+00
8, 5.28313E+01, 1.26162E+00, -1.46675E+01, 0.00000E+00, 0.00000E+00, 0.00000E+00
9, 5.27998E+01, 1.53359E+00, -1.36618E+01, 0.00000E+00, 0.00000E+00, 0.00000E+00
10, 5.27397E+01, 7.52653E-02, -1.37244E+01, 0.00000E+00, 0.00000E+00, 0.00000E+00
11, 5.27915E+01, -2.59491E-01, -1.47138E+01, 0.00000E+00, 0.00000E+00, 0.00000E+00
12, 5.92340E+01, 6.14391E-01, -3.33333E+01, 0.00000E+00, 0.00000E+00, 0.00000E+00
13, 5.76184E+01, 6.14391E-01, -3.33333E+01, 0.00000E+00, 0.00000E+00, 0.00000E+00
14, 5.92340E+01, 6.14391E-01, -3.16667E+01, 0.00000E+00, 0.00000E+00, 0.00000E+00
15, 5.28712E+01, 2.78272E+00, -1.46211E+01, 0.00000E+00, 0.00000E+00, 0.00000E+00
16, 5.28599E+01, 2.99192E+00, -1.35992E+01, 0.00000E+00, 0.00000E+00, 0.00000E+00
17, 5.92340E+01, 4.99463E+00, -3.33333E+01, 0.00000E+00, 0.00000E+00, 0.00000E+00
18, 5.76184E+01, 4.99463E+00, -3.33333E+01, 0.00000E+00, 0.00000E+00, 0.00000E+00
19, 5.92340E+01, 4.99463E+00, -3.16667E+01, 0.00000E+00, 0.00000E+00, 0.00000E+00
20, 5.43562E+01, 4.26966E+00, -1.35253E+01, 0.00000E+00, 0.00000E+00, 0.00000E+00
21, 5.29200E+01, 4.45024E+00, -1.35367E+01, 0.00000E+00, 0.00000E+00, 0.00000E+00
22, 5.29111E+01, 4.30383E+00, -1.45748E+01, 0.00000E+00, 0.00000E+00, 0.00000E+00
23, 5.43490E+01, 4.18475E+00, -1.45688E+01, 0.00000E+00, 0.00000E+00, 0.00000E+00
24, 5.40968E+01, -1.45654E+00, -1.37519E+01, 0.00000E+00, 0.00000E+00, 0.00000E+00
25, 5.26796E+01, -1.38306E+00, -1.37869E+01, 0.00000E+00, 0.00000E+00, 0.00000E+00
26, 5.26142E+01, -1.01442E+00, -1.28010E+01, 0.00000E+00, 0.00000E+00, 0.00000E+00
27, 5.40239E+01, -1.11650E+00, -1.27555E+01, 0.00000E+00, 0.00000E+00, 0.00000E+00
28, 5.92340E+01, 9.37487E+00, -3.33333E+01, 0.00000E+00, 0.00000E+00, 0.00000E+00
29, 5.76184E+01, 9.37487E+00, -3.33333E+01, 0.00000E+00, 0.00000E+00, 0.00000E+00
30, 5.92340E+01, 9.37487E+00, -3.16667E+01, 0.00000E+00, 0.00000E+00, 0.00000E+00
31, 5.26941E+01, 3.87548E-01, -1.27260E+01, 0.00000E+00, 0.00000E+00, 0.00000E+00
32, 5.76184E+01, 9.37487E+00, -3.16667E+01, 0.00000E+00, 0.00000E+00, 0.00000E+00
33, 5.76193E+01, -8.14608E+00, -3.00000E+01, 0.00000E+00, 0.00000E+00, 0.00000E+00
34, 5.92340E+01, -8.14608E+00, -3.00000E+01, 0.00000E+00, 0.00000E+00, 0.00000E+00
35, 5.27739E+01, 1.78952E+00, -1.26509E+01, 0.00000E+00, 0.00000E+00, 0.00000E+00
36, 5.92340E+01, -3.76585E+00, -3.00000E+01, 0.00000E+00, 0.00000E+00, 0.00000E+00
37, 5.28537E+01, 3.19149E+00, -1.25759E+01, 0.00000E+00, 0.00000E+00, 0.00000E+00
38, 5.92340E+01, 6.14391E-01, -3.00000E+01, 0.00000E+00, 0.00000E+00, 0.00000E+00
39, 5.29336E+01, 4.59346E+00, -1.25009E+01, 0.00000E+00, 0.00000E+00, 0.00000E+00
40, 5.92340E+01, 4.99463E+00, -3.00000E+01, 0.00000E+00, 0.00000E+00, 0.00000E+00
41, 5.43659E+01, 4.35139E+00, -1.24826E+01, 0.00000E+00, 0.00000E+00, 0.00000E+00
42, 5.25569E+01, -6.74939E-01, -1.18013E+01, 0.00000E+00, 0.00000E+00, 0.00000E+00
43, 5.39585E+01, -8.06891E-01, -1.17472E+01, 0.00000E+00, 0.00000E+00, 0.00000E+00
44, 5.26557E+01, 6.76993E-01, -1.17174E+01, 0.00000E+00, 0.00000E+00, 0.00000E+00
45, 5.92340E+01, 9.37487E+00, -3.00000E+01, 0.00000E+00, 0.00000E+00, 0.00000E+00
46, 5.76184E+01, 9.37487E+00, -3.00000E+01, 0.00000E+00, 0.00000E+00, 0.00000E+00
47, 5.76197E+01, -8.14608E+00, -2.83333E+01, 0.00000E+00, 0.00000E+00, 0.00000E+00
48, 5.92340E+01, -8.14608E+00, -2.83333E+01, 0.00000E+00, 0.00000E+00, 0.00000E+00
49, 5.27544E+01, 2.02892E+00, -1.16335E+01, 0.00000E+00, 0.00000E+00, 0.00000E+00
50, 5.92340E+01, -3.76585E+00, -2.83333E+01, 0.00000E+00, 0.00000E+00, 0.00000E+00
51, 5.28532E+01, 3.38086E+00, -1.15496E+01, 0.00000E+00, 0.00000E+00, 0.00000E+00
52, 5.92340E+01, 6.14391E-01, -2.83333E+01, 0.00000E+00, 0.00000E+00, 0.00000E+00
53, 5.29519E+01, 4.73279E+00, -1.14657E+01, 0.00000E+00, 0.00000E+00, 0.00000E+00
54, 5.92340E+01, 4.99463E+00, -2.83333E+01, 0.00000E+00, 0.00000E+00, 0.00000E+00
55, 5.43781E+01, 4.42938E+00, -1.14398E+01, 0.00000E+00, 0.00000E+00, 0.00000E+00
56, 5.25056E+01, -3.65684E-01, -1.07930E+01, 0.00000E+00, 0.00000E+00, 0.00000E+00
57, 5.38987E+01, -5.28183E-01, -1.07304E+01, 0.00000E+00, 0.00000E+00, 0.00000E+00
58, 5.26224E+01, 9.42773E-01, -1.07016E+01, 0.00000E+00, 0.00000E+00, 0.00000E+00
59, 5.92340E+01, 9.37487E+00, -2.83333E+01, 0.00000E+00, 0.00000E+00, 0.00000E+00
60, 5.76184E+01, 9.37487E+00, -2.83333E+01, 0.00000E+00, 0.00000E+00, 0.00000E+00
61, 5.76202E+01, -8.14608E+00, -2.66667E+01, 0.00000E+00, 0.00000E+00, 0.00000E+00
62, 5.92340E+01, -8.14608E+00, -2.66667E+01, 0.00000E+00, 0.00000E+00, 0.00000E+00
63, 5.27392E+01, 2.25123E+00, -1.06103E+01, 0.00000E+00, 0.00000E+00, 0.00000E+00
64, 5.92340E+01, -3.76585E+00, -2.66667E+01, 0.00000E+00, 0.00000E+00, 0.00000E+00
65, 5.28560E+01, 3.55969E+00, -1.05189E+01, 0.00000E+00, 0.00000E+00, 0.00000E+00
66, 5.92340E+01, 6.14391E-01, -2.66667E+01, 0.00000E+00, 0.00000E+00, 0.00000E+00
67, 5.29728E+01, 4.86814E+00, -1.04275E+01, 0.00000E+00, 0.00000E+00, 0.00000E+00
68, 5.92340E+01, 4.99463E+00, -2.66667E+01, 0.00000E+00, 0.00000E+00, 0.00000E+00
69, 5.43917E+01, 4.50342E+00, -1.03955E+01, 0.00000E+00, 0.00000E+00, 0.00000E+00
70, 5.24611E+01, -8.59355E-02, -9.77564E+00, 0.00000E+00, 0.00000E+00, 0.00000E+00
71, 5.38464E+01, -2.79664E-01, -9.70525E+00, 0.00000E+00, 0.00000E+00, 0.00000E+00
72, 5.25955E+01, 1.18493E+00, -9.67920E+00, 0.00000E+00, 0.00000E+00, 0.00000E+00
73, 5.92340E+01, 9.37487E+00, -2.66667E+01, 0.00000E+00, 0.00000E+00, 0.00000E+00
74, 5.76184E+01, 9.37487E+00, -2.66667E+01, 0.00000E+00, 0.00000E+00, 0.00000E+00
75, 5.76206E+01, -8.14608E+00, -2.50000E+01, 0.00000E+00, 0.00000E+00, 0.00000E+00
76, 5.92340E+01, -8.14608E+00, -2.50000E+01, 0.00000E+00, 0.00000E+00, 0.00000E+00
77, 5.27299E+01, 2.45580E+00, -9.58276E+00, 0.00000E+00, 0.00000E+00, 0.00000E+00
78, 5.92340E+01, -3.76585E+00, -2.50000E+01, 0.00000E+00, 0.00000E+00, 0.00000E+00
79, 5.28643E+01, 3.72666E+00, -9.48631E+00, 0.00000E+00, 0.00000E+00, 0.00000E+00
80, 5.92340E+01, 6.14391E-01, -2.50000E+01, 0.00000E+00, 0.00000E+00, 0.00000E+00
81, 5.29987E+01, 4.99753E+00, -9.38987E+00, 0.00000E+00, 0.00000E+00, 0.00000E+00
82, 5.92340E+01, 4.99463E+00, -2.50000E+01, 0.00000E+00, 0.00000E+00, 0.00000E+00
83, 5.44077E+01, 4.57263E+00, -9.34917E+00, 0.00000E+00, 0.00000E+00, 0.00000E+00
84, 5.24220E+01, 1.65014E-01, -8.74994E+00, 0.00000E+00, 0.00000E+00, 0.00000E+00
85, 5.37990E+01, -6.03450E-02, -8.67306E+00, 0.00000E+00, 0.00000E+00, 0.00000E+00
86, 5.25735E+01, 1.40385E+00, -8.65049E+00, 0.00000E+00, 0.00000E+00, 0.00000E+00
87, 5.92340E+01, 9.37487E+00, -2.50000E+01, 0.00000E+00, 0.00000E+00, 0.00000E+00
88, 5.76184E+01, 9.37487E+00, -2.50000E+01, 0.00000E+00, 0.00000E+00, 0.00000E+00
89, 5.70763E+01, -7.23171E+00, -2.36111E+01, 0.00000E+00, 0.00000E+00, 0.00000E+00
90, 5.86611E+01, -7.23116E+00, -2.36111E+01, 0.00000E+00, 0.00000E+00, 0.00000E+00
91, 5.27250E+01, 2.64269E+00, -8.55104E+00, 0.00000E+00, 0.00000E+00, 0.00000E+00
92, 5.86605E+01, -3.30319E+00, -2.36111E+01, 0.00000E+00, 0.00000E+00, 0.00000E+00
93, 5.28766E+01, 3.88153E+00, -8.45158E+00, 0.00000E+00, 0.00000E+00, 0.00000E+00
94, 5.86599E+01, 6.24790E-01, -2.36111E+01, 0.00000E+00, 0.00000E+00, 0.00000E+00
95, 5.30281E+01, 5.12036E+00, -8.35213E+00, 0.00000E+00, 0.00000E+00, 0.00000E+00
96, 5.86593E+01, 4.55276E+00, -2.36111E+01, 0.00000E+00, 0.00000E+00, 0.00000E+00
97, 5.44258E+01, 4.63633E+00, -8.30301E+00, 0.00000E+00, 0.00000E+00, 0.00000E+00
98, 5.23880E+01, 3.87728E-01, -7.71734E+00, 0.00000E+00, 0.00000E+00, 0.00000E+00
99, 5.37568E+01, 1.30600E-01, -7.63492E+00, 0.00000E+00, 0.00000E+00, 0.00000E+00
100, 5.25553E+01, 1.60005E+00, -7.61687E+00, 0.00000E+00, 0.00000E+00, 0.00000E+00
101, 5.86587E+01, 8.48074E+00, -2.36111E+01, 0.00000E+00, 0.00000E+00, 0.00000E+00
102, 5.70720E+01, 8.48020E+00, -2.36111E+01, 0.00000E+00, 0.00000E+00, 0.00000E+00
103, 5.65319E+01, -6.31732E+00, -2.22222E+01, 0.00000E+00, 0.00000E+00, 0.00000E+00
104, 5.80882E+01, -6.31624E+00, -2.22222E+01, 0.00000E+00, 0.00000E+00, 0.00000E+00
105, 5.27226E+01, 2.81237E+00, -7.51640E+00, 0.00000E+00, 0.00000E+00, 0.00000E+00
106, 5.80870E+01, -2.84052E+00, -2.22222E+01, 0.00000E+00, 0.00000E+00, 0.00000E+00
107, 5.28899E+01, 4.02470E+00, -7.41594E+00, 0.00000E+00, 0.00000E+00, 0.00000E+00
108, 5.80858E+01, 6.35189E-01, -2.22222E+01, 0.00000E+00, 0.00000E+00, 0.00000E+00
109, 5.30572E+01, 5.23702E+00, -7.31547E+00, 0.00000E+00, 0.00000E+00, 0.00000E+00
110, 5.80846E+01, 4.11090E+00, -2.22222E+01, 0.00000E+00, 0.00000E+00, 0.00000E+00
111, 5.44442E+01, 4.69450E+00, -7.25729E+00, 0.00000E+00, 0.00000E+00, 0.00000E+00
112, 5.23588E+01, 5.82951E-01, -6.67989E+00, 0.00000E+00, 0.00000E+00, 0.00000E+00
113, 5.37195E+01, 2.94231E-01, -6.59230E+00, 0.00000E+00, 0.00000E+00, 0.00000E+00
114, 5.25402E+01, 1.77425E+00, -6.57985E+00, 0.00000E+00, 0.00000E+00, 0.00000E+00
115, 5.80835E+01, 7.58661E+00, -2.22222E+01, 0.00000E+00, 0.00000E+00, 0.00000E+00
116, 5.65257E+01, 7.58553E+00, -2.22223E+01, 0.00000E+00, 0.00000E+00, 0.00000E+00
117, 5.59876E+01, -5.40291E+00, -2.08333E+01, 0.00000E+00, 0.00000E+00, 0.00000E+00
118, 5.75153E+01, -5.40131E+00, -2.08333E+01, 0.00000E+00, 0.00000E+00, 0.00000E+00
119, 5.27215E+01, 2.96555E+00, -6.47980E+00, 0.00000E+00, 0.00000E+00, 0.00000E+00
120, 5.75135E+01, -2.37786E+00, -2.08333E+01, 0.00000E+00, 0.00000E+00, 0.00000E+00
121, 5.29029E+01, 4.15685E+00, -6.37975E+00, 0.00000E+00, 0.00000E+00, 0.00000E+00
122, 5.75117E+01, 6.45588E-01, -2.08333E+01, 0.00000E+00, 0.00000E+00, 0.00000E+00
123, 5.30842E+01, 5.34815E+00, -6.27971E+00, 0.00000E+00, 0.00000E+00, 0.00000E+00
124, 5.75100E+01, 3.66904E+00, -2.08333E+01, 0.00000E+00, 0.00000E+00, 0.00000E+00
125, 5.44572E+01, 4.74938E+00, -6.21474E+00, 0.00000E+00, 0.00000E+00, 0.00000E+00
126, 5.23329E+01, 7.52309E-01, -5.63739E+00, 0.00000E+00, 0.00000E+00, 0.00000E+00
127, 5.36856E+01, 4.32255E-01, -5.54560E+00, 0.00000E+00, 0.00000E+00, 0.00000E+00
128, 5.25294E+01, 1.92658E+00, -5.53780E+00, 0.00000E+00, 0.00000E+00, 0.00000E+00
129, 5.75082E+01, 6.69249E+00, -2.08333E+01, 0.00000E+00, 0.00000E+00, 0.00000E+00
130, 5.59793E+01, 6.69089E+00, -2.08334E+01, 0.00000E+00, 0.00000E+00, 0.00000E+00
131, 5.54432E+01, -4.48849E+00, -1.94444E+01, 0.00000E+00, 0.00000E+00, 0.00000E+00
132, 5.69424E+01, -4.48639E+00, -1.94444E+01, 0.00000E+00, 0.00000E+00, 0.00000E+00
133, 5.27258E+01, 3.10086E+00, -5.43820E+00, 0.00000E+00, 0.00000E+00, 0.00000E+00
134, 5.69400E+01, -1.91520E+00, -1.94444E+01, 0.00000E+00, 0.00000E+00, 0.00000E+00
135, 5.29222E+01, 4.27513E+00, -5.33860E+00, 0.00000E+00, 0.00000E+00, 0.00000E+00
136, 5.69377E+01, 6.55988E-01, -1.94444E+01, 0.00000E+00, 0.00000E+00, 0.00000E+00
137, 5.31187E+01, 5.44941E+00, -5.23900E+00, 0.00000E+00, 0.00000E+00, 0.00000E+00
138, 5.69353E+01, 3.22718E+00, -1.94444E+01, 0.00000E+00, 0.00000E+00, 0.00000E+00
139, 5.44769E+01, 4.79571E+00, -5.16759E+00, 0.00000E+00, 0.00000E+00, 0.00000E+00
140, 5.23115E+01, 8.96634E-01, -4.59106E+00, 0.00000E+00, 0.00000E+00, 0.00000E+00
141, 5.36555E+01, 5.46005E-01, -4.49579E+00, 0.00000E+00, 0.00000E+00, 0.00000E+00
142, 5.25220E+01, 2.05814E+00, -4.49262E+00, 0.00000E+00, 0.00000E+00, 0.00000E+00
143, 5.69329E+01, 5.79836E+00, -1.94444E+01, 0.00000E+00, 0.00000E+00, 0.00000E+00
144, 5.54330E+01, 5.79625E+00, -1.94445E+01, 0.00000E+00, 0.00000E+00, 0.00000E+00
145, 5.48989E+01, -3.57406E+00, -1.80555E+01, 0.00000E+00, 0.00000E+00, 0.00000E+00
146, 5.63695E+01, -3.57146E+00, -1.80556E+01, 0.00000E+00, 0.00000E+00, 0.00000E+00
147, 5.27325E+01, 3.21966E+00, -4.39419E+00, 0.00000E+00, 0.00000E+00, 0.00000E+00
148, 5.63665E+01, -1.45254E+00, -1.80556E+01, 0.00000E+00, 0.00000E+00, 0.00000E+00
149, 5.29430E+01, 4.38117E+00, -4.29575E+00, 0.00000E+00, 0.00000E+00, 0.00000E+00
150, 5.63636E+01, 6.66387E-01, -1.80556E+01, 0.00000E+00, 0.00000E+00, 0.00000E+00
151, 5.31535E+01, 5.54268E+00, -4.19731E+00, 0.00000E+00, 0.00000E+00, 0.00000E+00
152, 5.63606E+01, 2.78531E+00, -1.80556E+01, 0.00000E+00, 0.00000E+00, 0.00000E+00
153, 5.44936E+01, 4.83719E+00, -4.12093E+00, 0.00000E+00, 0.00000E+00, 0.00000E+00
154, 5.22912E+01, 1.01815E+00, -3.54184E+00, 0.00000E+00, 0.00000E+00, 0.00000E+00
155, 5.36264E+01, 6.37826E-01, -3.44393E+00, 0.00000E+00, 0.00000E+00, 0.00000E+00
156, 5.25160E+01, 2.17018E+00, -3.44514E+00, 0.00000E+00, 0.00000E+00, 0.00000E+00
157, 5.63576E+01, 4.90424E+00, -1.80556E+01, 0.00000E+00, 0.00000E+00, 0.00000E+00
158, 5.48866E+01, 4.90163E+00, -1.80556E+01, 0.00000E+00, 0.00000E+00, 0.00000E+00
159, 5.43545E+01, -2.65962E+00, -1.66667E+01, 0.00000E+00, 0.00000E+00, 0.00000E+00
160, 5.57966E+01, -2.65654E+00, -1.66667E+01, 0.00000E+00, 0.00000E+00, 0.00000E+00
161, 5.27408E+01, 3.32220E+00, -3.34844E+00, 0.00000E+00, 0.00000E+00, 0.00000E+00
162, 5.57930E+01, -9.89877E-01, -1.66667E+01, 0.00000E+00, 0.00000E+00, 0.00000E+00
163, 5.29656E+01, 4.47423E+00, -3.25174E+00, 0.00000E+00, 0.00000E+00, 0.00000E+00
164, 5.57895E+01, 6.76786E-01, -1.66667E+01, 0.00000E+00, 0.00000E+00, 0.00000E+00
165, 5.31904E+01, 5.62625E+00, -3.15504E+00, 0.00000E+00, 0.00000E+00, 0.00000E+00
166, 5.57859E+01, 2.34345E+00, -1.66667E+01, 0.00000E+00, 0.00000E+00, 0.00000E+00
167, 5.45128E+01, 4.87067E+00, -3.07310E+00, 0.00000E+00, 0.00000E+00, 0.00000E+00
168, 5.22725E+01, 1.11825E+00, -2.48988E+00, 0.00000E+00, 0.00000E+00, 0.00000E+00
169, 5.36013E+01, 7.08286E-01, -2.39008E+00, 0.00000E+00, 0.00000E+00, 0.00000E+00
170, 5.25117E+01, 2.26355E+00, -2.39540E+00, 0.00000E+00, 0.00000E+00, 0.00000E+00
171, 5.57824E+01, 4.01011E+00, -1.66667E+01, 0.00000E+00, 0.00000E+00, 0.00000E+00
172, 5.43403E+01, 4.00703E+00, -1.66667E+01, 0.00000E+00, 0.00000E+00, 0.00000E+00
173, 5.42624E+01, -2.22828E+00, -1.57083E+01, 0.00000E+00, 0.00000E+00, 0.00000E+00
174, 5.56952E+01, -2.24946E+00, -1.56964E+01, 0.00000E+00, 0.00000E+00, 0.00000E+00
175, 5.27510E+01, 3.40884E+00, -2.30093E+00, 0.00000E+00, 0.00000E+00, 0.00000E+00
176, 5.57191E+01, -6.78126E-01, -1.56761E+01, 0.00000E+00, 0.00000E+00, 0.00000E+00
177, 5.29903E+01, 4.55414E+00, -2.20646E+00, 0.00000E+00, 0.00000E+00, 0.00000E+00
178, 5.57429E+01, 8.93208E-01, -1.56559E+01, 0.00000E+00, 0.00000E+00, 0.00000E+00
179, 5.32296E+01, 5.69944E+00, -2.11199E+00, 0.00000E+00, 0.00000E+00, 0.00000E+00
180, 5.57668E+01, 2.46454E+00, -1.56357E+01, 0.00000E+00, 0.00000E+00, 0.00000E+00
181, 5.45316E+01, 4.89735E+00, -2.02590E+00, 0.00000E+00, 0.00000E+00, 0.00000E+00
182, 5.22533E+01, 1.19922E+00, -1.43490E+00, 0.00000E+00, 0.00000E+00, 0.00000E+00
183, 5.35750E+01, 7.60979E-01, -1.33443E+00, 0.00000E+00, 0.00000E+00, 0.00000E+00
184, 5.25061E+01, 2.34084E+00, -1.34356E+00, 0.00000E+00, 0.00000E+00, 0.00000E+00
185, 5.57907E+01, 4.03588E+00, -1.56155E+01, 0.00000E+00, 0.00000E+00, 0.00000E+00
186, 5.43441E+01, 4.09718E+00, -1.56142E+01, 0.00000E+00, 0.00000E+00, 0.00000E+00
187, 5.41763E+01, -1.82695E+00, -1.47364E+01, 0.00000E+00, 0.00000E+00, 0.00000E+00
188, 5.56009E+01, -1.87404E+00, -1.47127E+01, 0.00000E+00, 0.00000E+00, 0.00000E+00
189, 5.27588E+01, 3.48245E+00, -1.25221E+00, 0.00000E+00, 0.00000E+00, 0.00000E+00
190, 5.56501E+01, -3.90980E-01, -1.46755E+01, 0.00000E+00, 0.00000E+00, 0.00000E+00
191, 5.30115E+01, 4.62407E+00, -1.16087E+00, 0.00000E+00, 0.00000E+00, 0.00000E+00
192, 5.56994E+01, 1.09208E+00, -1.46384E+01, 0.00000E+00, 0.00000E+00, 0.00000E+00
193, 5.32643E+01, 5.76568E+00, -1.06953E+00, 0.00000E+00, 0.00000E+00, 0.00000E+00
194, 5.57486E+01, 2.57513E+00, -1.46013E+01, 0.00000E+00, 0.00000E+00, 0.00000E+00
195, 5.45485E+01, 4.91781E+00, -9.79749E-01, 0.00000E+00, 0.00000E+00, 0.00000E+00
196, 5.22367E+01, 1.26159E+00, -3.80096E-01, 0.00000E+00, 0.00000E+00, 0.00000E+00
197, 5.35526E+01, 7.95445E-01, -2.78978E-01, 0.00000E+00, 0.00000E+00, 0.00000E+00
198, 5.25025E+01, 2.40159E+00, -2.91877E-01, 0.00000E+00, 0.00000E+00, 0.00000E+00
199, 5.57979E+01, 4.05819E+00, -1.45642E+01, 0.00000E+00, 0.00000E+00, 0.00000E+00
200, 5.55136E+01, -1.53062E+00, -1.37167E+01, 0.00000E+00, 0.00000E+00, 0.00000E+00
201, 5.27682E+01, 3.54159E+00, -2.03658E-01, 0.00000E+00, 0.00000E+00, 0.00000E+00
202, 5.55862E+01, -1.28702E-01, -1.36658E+01, 0.00000E+00, 0.00000E+00, 0.00000E+00
203, 5.30340E+01, 4.68159E+00, -1.15439E-01, 0.00000E+00, 0.00000E+00, 0.00000E+00
204, 5.56588E+01, 1.27321E+00, -1.36148E+01, 0.00000E+00, 0.00000E+00, 0.00000E+00
205, 5.32997E+01, 5.82158E+00, -2.72208E-02, 0.00000E+00, 0.00000E+00, 0.00000E+00
206, 5.57314E+01, 2.67513E+00, -1.35638E+01, 0.00000E+00, 0.00000E+00, 0.00000E+00
207, 5.45640E+01, 4.93177E+00, 6.55783E-02, 0.00000E+00, 0.00000E+00, 0.00000E+00
208, 5.22151E+01, 1.30996E+00, 6.79008E-01, 0.00000E+00, 0.00000E+00, 0.00000E+00
209, 5.35272E+01, 8.16900E-01, 7.78045E-01, 0.00000E+00, 0.00000E+00, 0.00000E+00
210, 5.24943E+01, 2.44978E+00, 7.62756E-01, 0.00000E+00, 0.00000E+00, 0.00000E+00
211, 5.58039E+01, 4.07704E+00, -1.35128E+01, 0.00000E+00, 0.00000E+00, 0.00000E+00
212, 5.54332E+01, -1.21925E+00, -1.27097E+01, 0.00000E+00, 0.00000E+00, 0.00000E+00
213, 5.27735E+01, 3.58961E+00, 8.46503E-01, 0.00000E+00, 0.00000E+00, 0.00000E+00
214, 5.55272E+01, 1.08673E-01, -1.26477E+01, 0.00000E+00, 0.00000E+00, 0.00000E+00
215, 5.30528E+01, 4.72943E+00, 9.30251E-01, 0.00000E+00, 0.00000E+00, 0.00000E+00
216, 5.56211E+01, 1.43659E+00, -1.25856E+01, 0.00000E+00, 0.00000E+00, 0.00000E+00
217, 5.33320E+01, 5.86926E+00, 1.01400E+00, 0.00000E+00, 0.00000E+00, 0.00000E+00
218, 5.57150E+01, 2.76451E+00, -1.25235E+01, 0.00000E+00, 0.00000E+00, 0.00000E+00
219, 5.45771E+01, 4.94022E+00, 1.11141E+00, 0.00000E+00, 0.00000E+00, 0.00000E+00
220, 5.21914E+01, 1.34464E+00, 1.73734E+00, 0.00000E+00, 0.00000E+00, 0.00000E+00
221, 5.34970E+01, 8.26882E-01, 1.83654E+00, 0.00000E+00, 0.00000E+00, 0.00000E+00
222, 5.24839E+01, 2.48571E+00, 1.81736E+00, 0.00000E+00, 0.00000E+00, 0.00000E+00
223, 5.58089E+01, 4.09243E+00, -1.24614E+01, 0.00000E+00, 0.00000E+00, 0.00000E+00
224, 5.53595E+01, -9.39751E-01, -1.16929E+01, 0.00000E+00, 0.00000E+00, 0.00000E+00
225, 5.27763E+01, 3.62678E+00, 1.89739E+00, 0.00000E+00, 0.00000E+00, 0.00000E+00
226, 5.54728E+01, 3.21277E-01, -1.16222E+01, 0.00000E+00, 0.00000E+00, 0.00000E+00
227, 5.30688E+01, 4.76785E+00, 1.97742E+00, 0.00000E+00, 0.00000E+00, 0.00000E+00
228, 5.55861E+01, 1.58230E+00, -1.15514E+01, 0.00000E+00, 0.00000E+00, 0.00000E+00
229, 5.33612E+01, 5.90892E+00, 2.05745E+00, 0.00000E+00, 0.00000E+00, 0.00000E+00
230, 5.56994E+01, 2.84333E+00, -1.14807E+01, 0.00000E+00, 0.00000E+00, 0.00000E+00
231, 5.45868E+01, 4.94380E+00, 2.15878E+00, 0.00000E+00, 0.00000E+00, 0.00000E+00
232, 5.21653E+01, 1.36865E+00, 2.79540E+00, 0.00000E+00, 0.00000E+00, 0.00000E+00
233, 5.34691E+01, 8.25326E-01, 2.89277E+00, 0.00000E+00, 0.00000E+00, 0.00000E+00
234, 5.24727E+01, 2.51032E+00, 2.87154E+00, 0.00000E+00, 0.00000E+00, 0.00000E+00
235, 5.58127E+01, 4.10436E+00, -1.14099E+01, 0.00000E+00, 0.00000E+00, 0.00000E+00
236, 5.52922E+01, -6.91592E-01, -1.06676E+01, 0.00000E+00, 0.00000E+00, 0.00000E+00
237, 5.27802E+01, 3.65199E+00, 2.94768E+00, 0.00000E+00, 0.00000E+00, 0.00000E+00
238, 5.54230E+01, 5.09511E-01, -1.05903E+01, 0.00000E+00, 0.00000E+00, 0.00000E+00
239, 5.30877E+01, 4.79366E+00, 3.02382E+00, 0.00000E+00, 0.00000E+00, 0.00000E+00
240, 5.55538E+01, 1.71061E+00, -1.05130E+01, 0.00000E+00, 0.00000E+00, 0.00000E+00
241, 5.33951E+01, 5.93532E+00, 3.09996E+00, 0.00000E+00, 0.00000E+00, 0.00000E+00
242, 5.56846E+01, 2.91172E+00, -1.04357E+01, 0.00000E+00, 0.00000E+00, 0.00000E+00
243, 5.45991E+01, 4.93758E+00, 3.20177E+00, 0.00000E+00, 0.00000E+00, 0.00000E+00
244, 5.21392E+01, 1.38190E+00, 3.85564E+00, 0.00000E+00, 0.00000E+00, 0.00000E+00
245, 5.34365E+01, 8.16605E-01, 3.95186E+00, 0.00000E+00, 0.00000E+00, 0.00000E+00
246, 5.24608E+01, 2.52482E+00, 3.92764E+00, 0.00000E+00, 0.00000E+00, 0.00000E+00
247, 5.58154E+01, 4.11282E+00, -1.03584E+01, 0.00000E+00, 0.00000E+00, 0.00000E+00
248, 5.52309E+01, -4.74195E-01, -9.63479E+00, 0.00000E+00, 0.00000E+00, 0.00000E+00
249, 5.27825E+01, 3.66775E+00, 3.99965E+00, 0.00000E+00, 0.00000E+00, 0.00000E+00
250, 5.53774E+01, 6.73804E-01, -9.55281E+00, 0.00000E+00, 0.00000E+00, 0.00000E+00
251, 5.31042E+01, 4.81067E+00, 4.07165E+00, 0.00000E+00, 0.00000E+00, 0.00000E+00
252, 5.55240E+01, 1.82180E+00, -9.47083E+00, 0.00000E+00, 0.00000E+00, 0.00000E+00
253, 5.34258E+01, 5.95359E+00, 4.14366E+00, 0.00000E+00, 0.00000E+00, 0.00000E+00
254, 5.56705E+01, 2.96980E+00, -9.38885E+00, 0.00000E+00, 0.00000E+00, 0.00000E+00
255, 5.46098E+01, 4.92491E+00, 4.24756E+00, 0.00000E+00, 0.00000E+00, 0.00000E+00
256, 5.21160E+01, 1.38547E+00, 4.91253E+00, 0.00000E+00, 0.00000E+00, 0.00000E+00
257, 5.34064E+01, 7.99475E-01, 5.00749E+00, 0.00000E+00, 0.00000E+00, 0.00000E+00
258, 5.24504E+01, 2.53023E+00, 4.98193E+00, 0.00000E+00, 0.00000E+00, 0.00000E+00
259, 5.58170E+01, 4.11780E+00, -9.30687E+00, 0.00000E+00, 0.00000E+00, 0.00000E+00
260, 5.51751E+01, -2.86196E-01, -8.59596E+00, 0.00000E+00, 0.00000E+00, 0.00000E+00
261, 5.27847E+01, 3.67500E+00, 5.05132E+00, 0.00000E+00, 0.00000E+00, 0.00000E+00
262, 5.53357E+01, 8.15181E-01, -8.51080E+00, 0.00000E+00, 0.00000E+00, 0.00000E+00
263, 5.31191E+01, 4.81976E+00, 5.12072E+00, 0.00000E+00, 0.00000E+00, 0.00000E+00
264, 5.54963E+01, 1.91656E+00, -8.42564E+00, 0.00000E+00, 0.00000E+00, 0.00000E+00
265, 5.34535E+01, 5.96453E+00, 5.19011E+00, 0.00000E+00, 0.00000E+00, 0.00000E+00
266, 5.56569E+01, 3.01794E+00, -8.34048E+00, 0.00000E+00, 0.00000E+00, 0.00000E+00
267, 5.46166E+01, 4.90850E+00, 5.29625E+00, 0.00000E+00, 0.00000E+00, 0.00000E+00
268, 5.20891E+01, 1.38262E+00, 5.97224E+00, 0.00000E+00, 0.00000E+00, 0.00000E+00
269, 5.33724E+01, 7.77243E-01, 6.06493E+00, 0.00000E+00, 0.00000E+00, 0.00000E+00
270, 5.24361E+01, 2.52928E+00, 6.03816E+00, 0.00000E+00, 0.00000E+00, 0.00000E+00
271, 5.58175E+01, 4.11931E+00, -8.25532E+00, 0.00000E+00, 0.00000E+00, 0.00000E+00
272, 5.51246E+01, -1.26791E-01, -7.55221E+00, 0.00000E+00, 0.00000E+00, 0.00000E+00
273, 5.27831E+01, 3.67593E+00, 6.10408E+00, 0.00000E+00, 0.00000E+00, 0.00000E+00
274, 5.52977E+01, 9.34242E-01, -7.46510E+00, 0.00000E+00, 0.00000E+00, 0.00000E+00
275, 5.31301E+01, 4.82258E+00, 6.17000E+00, 0.00000E+00, 0.00000E+00, 0.00000E+00
276, 5.54707E+01, 1.99528E+00, -7.37799E+00, 0.00000E+00, 0.00000E+00, 0.00000E+00
277, 5.34771E+01, 5.96923E+00, 6.23592E+00, 0.00000E+00, 0.00000E+00, 0.00000E+00
278, 5.56438E+01, 3.05631E+00, -7.29088E+00, 0.00000E+00, 0.00000E+00, 0.00000E+00
279, 5.46203E+01, 4.88737E+00, 6.34515E+00, 0.00000E+00, 0.00000E+00, 0.00000E+00
280, 5.20585E+01, 1.37367E+00, 7.02950E+00, 0.00000E+00, 0.00000E+00, 0.00000E+00
281, 5.33356E+01, 7.49659E-01, 7.12188E+00, 0.00000E+00, 0.00000E+00, 0.00000E+00
282, 5.24189E+01, 2.52131E+00, 7.09282E+00, 0.00000E+00, 0.00000E+00, 0.00000E+00
283, 5.58169E+01, 4.11734E+00, -7.20378E+00, 0.00000E+00, 0.00000E+00, 0.00000E+00
284, 5.50786E+01, 5.62130E-03, -6.50445E+00, 0.00000E+00, 0.00000E+00, 0.00000E+00
285, 5.27794E+01, 3.66894E+00, 7.15614E+00, 0.00000E+00, 0.00000E+00, 0.00000E+00
286, 5.52627E+01, 1.03219E+00, -6.41640E+00, 0.00000E+00, 0.00000E+00, 0.00000E+00
287, 5.31398E+01, 4.81657E+00, 7.21946E+00, 0.00000E+00, 0.00000E+00, 0.00000E+00
288, 5.54469E+01, 2.05875E+00, -6.32835E+00, 0.00000E+00, 0.00000E+00, 0.00000E+00
289, 5.35002E+01, 5.96420E+00, 7.28278E+00, 0.00000E+00, 0.00000E+00, 0.00000E+00
290, 5.56310E+01, 3.08532E+00, -6.24029E+00, 0.00000E+00, 0.00000E+00, 0.00000E+00
291, 5.46256E+01, 4.85756E+00, 7.39494E+00, 0.00000E+00, 0.00000E+00, 0.00000E+00
292, 5.20239E+01, 1.35940E+00, 8.08762E+00, 0.00000E+00, 0.00000E+00, 0.00000E+00
293, 5.32958E+01, 7.17320E-01, 8.17725E+00, 0.00000E+00, 0.00000E+00, 0.00000E+00
294, 5.23984E+01, 2.50732E+00, 8.14813E+00, 0.00000E+00, 0.00000E+00, 0.00000E+00
295, 5.58151E+01, 4.11189E+00, -6.15224E+00, 0.00000E+00, 0.00000E+00, 0.00000E+00
296, 5.50366E+01, 1.12847E-01, -5.45366E+00, 0.00000E+00, 0.00000E+00, 0.00000E+00
297, 5.27730E+01, 3.65523E+00, 8.20864E+00, 0.00000E+00, 0.00000E+00, 0.00000E+00
298, 5.52305E+01, 1.11037E+00, -5.36543E+00, 0.00000E+00, 0.00000E+00, 0.00000E+00
299, 5.31475E+01, 4.80315E+00, 8.26915E+00, 0.00000E+00, 0.00000E+00, 0.00000E+00
300, 5.54244E+01, 2.10790E+00, -5.27719E+00, 0.00000E+00, 0.00000E+00, 0.00000E+00
301, 5.35221E+01, 5.95107E+00, 8.32966E+00, 0.00000E+00, 0.00000E+00, 0.00000E+00
302, 5.56184E+01, 3.10543E+00, -5.18896E+00, 0.00000E+00, 0.00000E+00, 0.00000E+00
303, 5.46291E+01, 4.82169E+00, 8.44537E+00, 0.00000E+00, 0.00000E+00, 0.00000E+00
304, 5.19849E+01, 1.34000E+00, 9.14557E+00, 0.00000E+00, 0.00000E+00, 0.00000E+00
305, 5.32512E+01, 6.81253E-01, 9.23457E+00, 0.00000E+00, 0.00000E+00, 0.00000E+00
306, 5.23732E+01, 2.48853E+00, 9.20216E+00, 0.00000E+00, 0.00000E+00, 0.00000E+00
307, 5.58123E+01, 4.10295E+00, -5.10073E+00, 0.00000E+00, 0.00000E+00, 0.00000E+00
308, 5.49981E+01, 1.96266E-01, -4.40058E+00, 0.00000E+00, 0.00000E+00, 0.00000E+00
309, 5.27614E+01, 3.63705E+00, 9.25875E+00, 0.00000E+00, 0.00000E+00, 0.00000E+00
310, 5.52007E+01, 1.16983E+00, -4.31275E+00, 0.00000E+00, 0.00000E+00, 0.00000E+00
311, 5.31497E+01, 4.78557E+00, 9.31534E+00, 0.00000E+00, 0.00000E+00, 0.00000E+00
312, 5.54032E+01, 2.14340E+00, -4.22492E+00, 0.00000E+00, 0.00000E+00, 0.00000E+00
313, 5.35379E+01, 5.93409E+00, 9.37193E+00, 0.00000E+00, 0.00000E+00, 0.00000E+00
314, 5.56057E+01, 3.11696E+00, -4.13709E+00, 0.00000E+00, 0.00000E+00, 0.00000E+00
315, 5.46275E+01, 4.78425E+00, 9.49527E+00, 0.00000E+00, 0.00000E+00, 0.00000E+00
316, 5.19451E+01, 1.31449E+00, 1.02018E+01, 0.00000E+00, 0.00000E+00, 0.00000E+00
317, 5.32060E+01, 6.39881E-01, 1.02894E+01, 0.00000E+00, 0.00000E+00, 0.00000E+00
318, 5.23462E+01, 2.46400E+00, 1.02564E+01, 0.00000E+00, 0.00000E+00, 0.00000E+00
319, 5.58083E+01, 4.09053E+00, -4.04926E+00, 0.00000E+00, 0.00000E+00, 0.00000E+00
320, 5.49623E+01, 2.58291E-01, -3.34591E+00, 0.00000E+00, 0.00000E+00, 0.00000E+00
321, 5.27472E+01, 3.61352E+00, 1.03110E+01, 0.00000E+00, 0.00000E+00, 0.00000E+00
322, 5.51725E+01, 1.21237E+00, -3.25890E+00, 0.00000E+00, 0.00000E+00, 0.00000E+00
323, 5.31482E+01, 4.76304E+00, 1.03657E+01, 0.00000E+00, 0.00000E+00, 0.00000E+00
324, 5.53827E+01, 2.16645E+00, -3.17188E+00, 0.00000E+00, 0.00000E+00, 0.00000E+00
325, 5.35492E+01, 5.91255E+00, 1.04203E+01, 0.00000E+00, 0.00000E+00, 0.00000E+00
326, 5.55929E+01, 3.12053E+00, -3.08486E+00, 0.00000E+00, 0.00000E+00, 0.00000E+00
327, 5.46226E+01, 4.74321E+00, 1.05480E+01, 0.00000E+00, 0.00000E+00, 0.00000E+00
328, 5.19009E+01, 1.28478E+00, 1.12590E+01, 0.00000E+00, 0.00000E+00, 0.00000E+00
329, 5.31566E+01, 5.95169E-01, 1.13452E+01, 0.00000E+00, 0.00000E+00, 0.00000E+00
330, 5.23150E+01, 2.43492E+00, 1.13122E+01, 0.00000E+00, 0.00000E+00, 0.00000E+00
331, 5.58031E+01, 4.07461E+00, -2.99784E+00, 0.00000E+00, 0.00000E+00, 0.00000E+00
332, 5.49289E+01, 2.99805E-01, -2.29015E+00, 0.00000E+00, 0.00000E+00, 0.00000E+00
333, 5.27291E+01, 3.58507E+00, 1.13654E+01, 0.00000E+00, 0.00000E+00, 0.00000E+00
334, 5.51459E+01, 1.23865E+00, -2.20423E+00, 0.00000E+00, 0.00000E+00, 0.00000E+00
335, 5.31432E+01, 4.73521E+00, 1.14185E+01, 0.00000E+00, 0.00000E+00, 0.00000E+00
336, 5.53629E+01, 2.17750E+00, -2.11832E+00, 0.00000E+00, 0.00000E+00, 0.00000E+00
337, 5.35573E+01, 5.88536E+00, 1.14717E+01, 0.00000E+00, 0.00000E+00, 0.00000E+00
338, 5.55799E+01, 3.11635E+00, -2.03240E+00, 0.00000E+00, 0.00000E+00, 0.00000E+00
339, 5.46157E+01, 4.69729E+00, 1.15992E+01, 0.00000E+00, 0.00000E+00, 0.00000E+00
340, 5.18545E+01, 1.25020E+00, 1.23147E+01, 0.00000E+00, 0.00000E+00, 0.00000E+00
341, 5.31051E+01, 5.46565E-01, 1.24001E+01, 0.00000E+00, 0.00000E+00, 0.00000E+00
342, 5.22831E+01, 2.39900E+00, 1.23680E+01, 0.00000E+00, 0.00000E+00, 0.00000E+00
343, 5.57969E+01, 4.05520E+00, -1.94649E+00, 0.00000E+00, 0.00000E+00, 0.00000E+00
344, 5.48966E+01, 3.24968E-01, -1.23380E+00, 0.00000E+00, 0.00000E+00, 0.00000E+00
345, 5.27116E+01, 3.54779E+00, 1.24214E+01, 0.00000E+00, 0.00000E+00, 0.00000E+00
346, 5.51198E+01, 1.25180E+00, -1.14915E+00, 0.00000E+00, 0.00000E+00, 0.00000E+00
347, 5.31402E+01, 4.69659E+00, 1.24747E+01, 0.00000E+00, 0.00000E+00, 0.00000E+00
348, 5.53430E+01, 2.17863E+00, -1.06451E+00, 0.00000E+00, 0.00000E+00, 0.00000E+00
349, 5.35688E+01, 5.84539E+00, 1.25280E+01, 0.00000E+00, 0.00000E+00, 0.00000E+00
350, 5.55663E+01, 3.10547E+00, -9.79860E-01, 0.00000E+00, 0.00000E+00, 0.00000E+00
351, 5.46112E+01, 4.64160E+00, 1.26528E+01, 0.00000E+00, 0.00000E+00, 0.00000E+00
352, 5.18042E+01, 1.21212E+00, 1.33712E+01, 0.00000E+00, 0.00000E+00, 0.00000E+00
353, 5.30509E+01, 4.94665E-01, 1.34544E+01, 0.00000E+00, 0.00000E+00, 0.00000E+00
354, 5.22481E+01, 2.35826E+00, 1.34248E+01, 0.00000E+00, 0.00000E+00, 0.00000E+00
355, 5.57895E+01, 4.03230E+00, -8.95214E-01, 0.00000E+00, 0.00000E+00, 0.00000E+00
356, 5.48652E+01, 3.33823E-01, -1.77211E-01, 0.00000E+00, 0.00000E+00, 0.00000E+00
357, 5.26919E+01, 3.50440E+00, 1.34783E+01, 0.00000E+00, 0.00000E+00, 0.00000E+00
358, 5.50942E+01, 1.25184E+00, -9.39153E-02, 0.00000E+00, 0.00000E+00, 0.00000E+00
359, 5.31358E+01, 4.65054E+00, 1.35319E+01, 0.00000E+00, 0.00000E+00, 0.00000E+00
360, 5.53231E+01, 2.16986E+00, -1.06197E-02, 0.00000E+00, 0.00000E+00, 0.00000E+00
361, 5.35796E+01, 5.79668E+00, 1.35854E+01, 0.00000E+00, 0.00000E+00, 0.00000E+00
362, 5.55521E+01, 3.08788E+00, 7.26758E-02, 0.00000E+00, 0.00000E+00, 0.00000E+00
363, 5.46055E+01, 4.57972E+00, 1.37084E+01, 0.00000E+00, 0.00000E+00, 0.00000E+00
364, 5.17509E+01, 1.17035E+00, 1.44265E+01, 0.00000E+00, 0.00000E+00, 0.00000E+00
365, 5.29932E+01, 4.40307E-01, 1.45093E+01, 0.00000E+00, 0.00000E+00, 0.00000E+00
366, 5.22090E+01, 2.31458E+00, 1.44799E+01, 0.00000E+00, 0.00000E+00, 0.00000E+00
367, 5.57810E+01, 4.00590E+00, 1.55971E-01, 0.00000E+00, 0.00000E+00, 0.00000E+00
368, 5.48342E+01, 3.28540E-01, 8.79456E-01, 0.00000E+00, 0.00000E+00, 0.00000E+00
369, 5.26671E+01, 3.45882E+00, 1.45332E+01, 0.00000E+00, 0.00000E+00, 0.00000E+00
370, 5.50685E+01, 1.24040E+00, 9.61355E-01, 0.00000E+00, 0.00000E+00, 0.00000E+00
371, 5.31252E+01, 4.60305E+00, 1.45866E+01, 0.00000E+00, 0.00000E+00, 0.00000E+00
372, 5.53028E+01, 2.15227E+00, 1.04325E+00, 0.00000E+00, 0.00000E+00, 0.00000E+00
373, 5.35833E+01, 5.74729E+00, 1.46400E+01, 0.00000E+00, 0.00000E+00, 0.00000E+00
374, 5.55371E+01, 3.06413E+00, 1.12515E+00, 0.00000E+00, 0.00000E+00, 0.00000E+00
375, 5.45940E+01, 4.51842E+00, 1.47581E+01, 0.00000E+00, 0.00000E+00, 0.00000E+00
376, 5.16982E+01, 1.12309E+00, 1.54805E+01, 0.00000E+00, 0.00000E+00, 0.00000E+00
377, 5.29358E+01, 3.81641E-01, 1.55627E+01, 0.00000E+00, 0.00000E+00, 0.00000E+00
378, 5.21691E+01, 2.26602E+00, 1.55364E+01, 0.00000E+00, 0.00000E+00, 0.00000E+00
379, 5.57714E+01, 3.97600E+00, 1.20705E+00, 0.00000E+00, 0.00000E+00, 0.00000E+00
380, 5.48020E+01, 3.13801E-01, 1.93597E+00, 0.00000E+00, 0.00000E+00, 0.00000E+00
381, 5.26400E+01, 3.40895E+00, 1.55922E+01, 0.00000E+00, 0.00000E+00, 0.00000E+00
382, 5.50416E+01, 1.22100E+00, 2.01648E+00, 0.00000E+00, 0.00000E+00, 0.00000E+00
383, 5.31109E+01, 4.55189E+00, 1.56480E+01, 0.00000E+00, 0.00000E+00, 0.00000E+00
384, 5.52813E+01, 2.12820E+00, 2.09700E+00, 0.00000E+00, 0.00000E+00, 0.00000E+00
385, 5.35817E+01, 5.69482E+00, 1.57039E+01, 0.00000E+00, 0.00000E+00, 0.00000E+00
386, 5.55210E+01, 3.03540E+00, 2.17751E+00, 0.00000E+00, 0.00000E+00, 0.00000E+00
387, 5.45815E+01, 4.45111E+00, 1.58134E+01, 0.00000E+00, 0.00000E+00, 0.00000E+00
388, 5.16415E+01, 1.07302E+00, 1.65355E+01, 0.00000E+00, 0.00000E+00, 0.00000E+00
389, 5.28748E+01, 3.20993E-01, 1.66159E+01, 0.00000E+00, 0.00000E+00, 0.00000E+00
390, 5.21257E+01, 2.21391E+00, 1.65912E+01, 0.00000E+00, 0.00000E+00, 0.00000E+00
391, 5.57606E+01, 3.94260E+00, 2.25802E+00, 0.00000E+00, 0.00000E+00, 0.00000E+00
392, 5.47689E+01, 2.88546E-01, 2.99224E+00, 0.00000E+00, 0.00000E+00, 0.00000E+00
393, 5.26099E+01, 3.35481E+00, 1.66469E+01, 0.00000E+00, 0.00000E+00, 0.00000E+00
394, 5.50139E+01, 1.19283E+00, 3.07139E+00, 0.00000E+00, 0.00000E+00, 0.00000E+00
395, 5.30940E+01, 4.49570E+00, 1.67026E+01, 0.00000E+00, 0.00000E+00, 0.00000E+00
396, 5.52588E+01, 2.09712E+00, 3.15055E+00, 0.00000E+00, 0.00000E+00, 0.00000E+00
397, 5.35782E+01, 5.63660E+00, 1.67583E+01, 0.00000E+00, 0.00000E+00, 0.00000E+00
398, 5.55038E+01, 3.00141E+00, 3.22970E+00, 0.00000E+00, 0.00000E+00, 0.00000E+00
399, 5.45659E+01, 4.38097E+00, 1.68649E+01, 0.00000E+00, 0.00000E+00, 0.00000E+00
400, 5.15811E+01, 1.02044E+00, 1.75901E+01, 0.00000E+00, 0.00000E+00, 0.00000E+00
401, 5.28098E+01, 2.57558E-01, 1.76689E+01, 0.00000E+00, 0.00000E+00, 0.00000E+00
402, 5.20784E+01, 2.15909E+00, 1.76468E+01, 0.00000E+00, 0.00000E+00, 0.00000E+00
403, 5.57487E+01, 3.90570E+00, 3.30885E+00, 0.00000E+00, 0.00000E+00, 0.00000E+00
404, 5.47338E+01, 2.56567E-01, 4.04826E+00, 0.00000E+00, 0.00000E+00, 0.00000E+00
405, 5.25758E+01, 3.29773E+00, 1.77034E+01, 0.00000E+00, 0.00000E+00, 0.00000E+00
406, 5.49843E+01, 1.15875E+00, 4.12608E+00, 0.00000E+00, 0.00000E+00, 0.00000E+00
407, 5.30731E+01, 4.43637E+00, 1.77601E+01, 0.00000E+00, 0.00000E+00, 0.00000E+00
408, 5.52348E+01, 2.06093E+00, 4.20390E+00, 0.00000E+00, 0.00000E+00, 0.00000E+00
409, 5.35704E+01, 5.57502E+00, 1.78167E+01, 0.00000E+00, 0.00000E+00, 0.00000E+00
410, 5.54852E+01, 2.96312E+00, 4.28172E+00, 0.00000E+00, 0.00000E+00, 0.00000E+00
411, 5.45488E+01, 4.30629E+00, 1.79160E+01, 0.00000E+00, 0.00000E+00, 0.00000E+00
412, 5.15169E+01, 9.65017E-01, 1.86444E+01, 0.00000E+00, 0.00000E+00, 0.00000E+00
413, 5.27414E+01, 1.92496E-01, 1.87226E+01, 0.00000E+00, 0.00000E+00, 0.00000E+00
414, 5.20277E+01, 2.10082E+00, 1.87014E+01, 0.00000E+00, 0.00000E+00, 0.00000E+00
415, 5.57357E+01, 3.86530E+00, 4.35954E+00, 0.00000E+00, 0.00000E+00, 0.00000E+00
416, 5.46960E+01, 2.19682E-01, 5.10402E+00, 0.00000E+00, 0.00000E+00, 0.00000E+00
417, 5.25385E+01, 3.23661E+00, 1.87584E+01, 0.00000E+00, 0.00000E+00, 0.00000E+00
418, 5.49524E+01, 1.12011E+00, 5.18054E+00, 0.00000E+00, 0.00000E+00, 0.00000E+00
419, 5.30493E+01, 4.37241E+00, 1.88154E+01, 0.00000E+00, 0.00000E+00, 0.00000E+00
420, 5.52088E+01, 2.02054E+00, 5.25705E+00, 0.00000E+00, 0.00000E+00, 0.00000E+00
421, 5.35602E+01, 5.50821E+00, 1.88724E+01, 0.00000E+00, 0.00000E+00, 0.00000E+00
422, 5.54652E+01, 2.92096E+00, 5.33357E+00, 0.00000E+00, 0.00000E+00, 0.00000E+00
423, 5.45293E+01, 4.22778E+00, 1.89687E+01, 0.00000E+00, 0.00000E+00, 0.00000E+00
424, 5.14504E+01, 9.06150E-01, 1.96981E+01, 0.00000E+00, 0.00000E+00, 0.00000E+00
425, 5.26715E+01, 1.24489E-01, 1.97757E+01, 0.00000E+00, 0.00000E+00, 0.00000E+00
426, 5.19744E+01, 2.03908E+00, 1.97551E+01, 0.00000E+00, 0.00000E+00, 0.00000E+00
427, 5.57216E+01, 3.82139E+00, 5.41008E+00, 0.00000E+00, 0.00000E+00, 0.00000E+00
428, 5.46555E+01, 1.78330E-01, 6.15952E+00, 0.00000E+00, 0.00000E+00, 0.00000E+00
429, 5.24985E+01, 3.17202E+00, 1.98121E+01, 0.00000E+00, 0.00000E+00, 0.00000E+00
430, 5.49182E+01, 1.07724E+00, 6.23475E+00, 0.00000E+00, 0.00000E+00, 0.00000E+00
431, 5.30225E+01, 4.30495E+00, 1.98691E+01, 0.00000E+00, 0.00000E+00, 0.00000E+00
432, 5.51809E+01, 1.97616E+00, 6.30999E+00, 0.00000E+00, 0.00000E+00, 0.00000E+00
433, 5.35466E+01, 5.43788E+00, 1.99261E+01, 0.00000E+00, 0.00000E+00, 0.00000E+00
434, 5.54436E+01, 2.87507E+00, 6.38522E+00, 0.00000E+00, 0.00000E+00, 0.00000E+00
435, 5.45078E+01, 4.14603E+00, 2.00155E+01, 0.00000E+00, 0.00000E+00, 0.00000E+00
436, 5.13835E+01, 8.42381E-01, 2.07532E+01, 0.00000E+00, 0.00000E+00, 0.00000E+00
437, 5.26007E+01, 5.26994E-02, 2.08276E+01, 0.00000E+00, 0.00000E+00, 0.00000E+00
438, 5.19211E+01, 1.97113E+00, 2.08122E+01, 0.00000E+00, 0.00000E+00, 0.00000E+00
439, 5.57063E+01, 3.77399E+00, 6.46046E+00, 0.00000E+00, 0.00000E+00, 0.00000E+00
440, 5.46123E+01, 1.32902E-01, 7.21474E+00, 0.00000E+00, 0.00000E+00, 0.00000E+00
441, 5.24587E+01, 3.09988E+00, 2.08711E+01, 0.00000E+00, 0.00000E+00, 0.00000E+00
442, 5.48817E+01, 1.03045E+00, 7.28872E+00, 0.00000E+00, 0.00000E+00, 0.00000E+00
443, 5.29962E+01, 4.22863E+00, 2.09301E+01, 0.00000E+00, 0.00000E+00, 0.00000E+00
444, 5.51511E+01, 1.92800E+00, 7.36269E+00, 0.00000E+00, 0.00000E+00, 0.00000E+00
445, 5.35338E+01, 5.35738E+00, 2.09891E+01, 0.00000E+00, 0.00000E+00, 0.00000E+00
446, 5.54205E+01, 2.82554E+00, 7.43667E+00, 0.00000E+00, 0.00000E+00, 0.00000E+00
447, 5.44863E+01, 4.05700E+00, 2.10701E+01, 0.00000E+00, 0.00000E+00, 0.00000E+00
448, 5.13153E+01, 7.74776E-01, 2.18089E+01, 0.00000E+00, 0.00000E+00, 0.00000E+00
449, 5.25286E+01, -2.31489E-02, 2.18826E+01, 0.00000E+00, 0.00000E+00, 0.00000E+00
450, 5.18664E+01, 1.89896E+00, 2.18682E+01, 0.00000E+00, 0.00000E+00, 0.00000E+00
451, 5.56899E+01, 3.72309E+00, 7.51065E+00, 0.00000E+00, 0.00000E+00, 0.00000E+00
452, 5.45664E+01, 8.32900E-02, 8.26966E+00, 0.00000E+00, 0.00000E+00, 0.00000E+00
453, 5.24174E+01, 3.02314E+00, 2.19275E+01, 0.00000E+00, 0.00000E+00, 0.00000E+00
454, 5.48429E+01, 9.79643E-01, 8.34240E+00, 0.00000E+00, 0.00000E+00, 0.00000E+00
455, 5.29685E+01, 4.14733E+00, 2.19869E+01, 0.00000E+00, 0.00000E+00, 0.00000E+00
456, 5.51194E+01, 1.87600E+00, 8.41515E+00, 0.00000E+00, 0.00000E+00, 0.00000E+00
457, 5.35196E+01, 5.27151E+00, 2.20462E+01, 0.00000E+00, 0.00000E+00, 0.00000E+00
458, 5.53959E+01, 2.77235E+00, 8.48790E+00, 0.00000E+00, 0.00000E+00, 0.00000E+00
459, 5.44638E+01, 3.96271E+00, 2.21226E+01, 0.00000E+00, 0.00000E+00, 0.00000E+00
460, 5.12466E+01, 7.02403E-01, 2.28645E+01, 0.00000E+00, 0.00000E+00, 0.00000E+00
461, 5.24566E+01, -1.02443E-01, 2.29374E+01, 0.00000E+00, 0.00000E+00, 0.00000E+00
462, 5.18110E+01, 1.82175E+00, 2.29224E+01, 0.00000E+00, 0.00000E+00, 0.00000E+00
463, 5.56724E+01, 3.66870E+00, 8.56064E+00, 0.00000E+00, 0.00000E+00, 0.00000E+00
464, 5.45179E+01, 3.02510E-02, 9.32429E+00, 0.00000E+00, 0.00000E+00, 0.00000E+00
465, 5.23754E+01, 2.94110E+00, 2.29803E+01, 0.00000E+00, 0.00000E+00, 0.00000E+00
466, 5.48018E+01, 9.25394E-01, 9.39583E+00, 0.00000E+00, 0.00000E+00, 0.00000E+00
467, 5.29398E+01, 4.06045E+00, 2.30382E+01, 0.00000E+00, 0.00000E+00, 0.00000E+00
468, 5.50858E+01, 1.82054E+00, 9.46736E+00, 0.00000E+00, 0.00000E+00, 0.00000E+00
469, 5.35042E+01, 5.17980E+00, 2.30961E+01, 0.00000E+00, 0.00000E+00, 0.00000E+00
470, 5.53698E+01, 2.71568E+00, 9.53890E+00, 0.00000E+00, 0.00000E+00, 0.00000E+00
471, 5.44400E+01, 3.86341E+00, 2.31728E+01, 0.00000E+00, 0.00000E+00, 0.00000E+00
472, 5.11762E+01, 6.26665E-01, 2.39199E+01, 0.00000E+00, 0.00000E+00, 0.00000E+00
473, 5.23815E+01, -1.83933E-01, 2.39883E+01, 0.00000E+00, 0.00000E+00, 0.00000E+00
474, 5.17536E+01, 1.74110E+00, 2.39763E+01, 0.00000E+00, 0.00000E+00, 0.00000E+00
475, 5.56538E+01, 3.61082E+00, 9.61044E+00, 0.00000E+00, 0.00000E+00, 0.00000E+00
476, 5.44667E+01, -2.62892E-02, 1.03786E+01, 0.00000E+00, 0.00000E+00, 0.00000E+00
477, 5.23310E+01, 2.85554E+00, 2.40327E+01, 0.00000E+00, 0.00000E+00, 0.00000E+00
478, 5.47585E+01, 8.67648E-01, 1.04490E+01, 0.00000E+00, 0.00000E+00, 0.00000E+00
479, 5.29083E+01, 3.96998E+00, 2.40891E+01, 0.00000E+00, 0.00000E+00, 0.00000E+00
480, 5.50503E+01, 1.76158E+00, 1.05193E+01, 0.00000E+00, 0.00000E+00, 0.00000E+00
481, 5.34857E+01, 5.08441E+00, 2.41455E+01, 0.00000E+00, 0.00000E+00, 0.00000E+00
482, 5.53422E+01, 2.65552E+00, 1.05897E+01, 0.00000E+00, 0.00000E+00, 0.00000E+00
483, 5.44135E+01, 3.76185E+00, 2.42212E+01, 0.00000E+00, 0.00000E+00, 0.00000E+00
484, 5.11033E+01, 5.48399E-01, 2.49708E+01, 0.00000E+00, 0.00000E+00, 0.00000E+00
485, 5.23058E+01, -2.69050E-01, 2.50388E+01, 0.00000E+00, 0.00000E+00, 0.00000E+00
486, 5.16934E+01, 1.65785E+00, 2.50269E+01, 0.00000E+00, 0.00000E+00, 0.00000E+00
487, 5.56340E+01, 3.54946E+00, 1.06600E+01, 0.00000E+00, 0.00000E+00, 0.00000E+00
488, 5.44128E+01, -8.58850E-02, 1.14326E+01, 0.00000E+00, 0.00000E+00, 0.00000E+00
489, 5.22835E+01, 2.76729E+00, 2.50831E+01, 0.00000E+00, 0.00000E+00, 0.00000E+00
490, 5.47129E+01, 8.06738E-01, 1.15018E+01, 0.00000E+00, 0.00000E+00, 0.00000E+00
491, 5.28736E+01, 3.87674E+00, 2.51392E+01, 0.00000E+00, 0.00000E+00, 0.00000E+00
492, 5.50130E+01, 1.69936E+00, 1.15710E+01, 0.00000E+00, 0.00000E+00, 0.00000E+00
493, 5.34637E+01, 4.98619E+00, 2.51954E+01, 0.00000E+00, 0.00000E+00, 0.00000E+00
494, 5.53131E+01, 2.59198E+00, 1.16402E+01, 0.00000E+00, 0.00000E+00, 0.00000E+00
495, 5.43842E+01, 3.65838E+00, 2.52670E+01, 0.00000E+00, 0.00000E+00, 0.00000E+00
496, 5.10302E+01, 4.65218E-01, 2.60220E+01, 0.00000E+00, 0.00000E+00, 0.00000E+00
497, 5.22305E+01, -3.58299E-01, 2.60892E+01, 0.00000E+00, 0.00000E+00, 0.00000E+00
498, 5.16329E+01, 1.56897E+00, 2.60786E+01, 0.00000E+00, 0.00000E+00, 0.00000E+00
499, 5.56131E+01, 3.48461E+00, 1.17094E+01, 0.00000E+00, 0.00000E+00, 0.00000E+00
500, 5.43564E+01, -1.48048E-01, 1.24864E+01, 0.00000E+00, 0.00000E+00, 0.00000E+00
501, 5.22357E+01, 2.67272E+00, 2.61352E+01, 0.00000E+00, 0.00000E+00, 0.00000E+00
502, 5.46651E+01, 7.43031E-01, 1.25544E+01, 0.00000E+00, 0.00000E+00, 0.00000E+00
503, 5.28385E+01, 3.77647E+00, 2.61918E+01, 0.00000E+00, 0.00000E+00, 0.00000E+00
504, 5.49738E+01, 1.63411E+00, 1.26224E+01, 0.00000E+00, 0.00000E+00, 0.00000E+00
505, 5.34413E+01, 4.88022E+00, 2.62484E+01, 0.00000E+00, 0.00000E+00, 0.00000E+00
506, 5.52825E+01, 2.52519E+00, 1.26904E+01, 0.00000E+00, 0.00000E+00, 0.00000E+00
507, 5.43558E+01, 3.54683E+00, 2.63153E+01, 0.00000E+00, 0.00000E+00, 0.00000E+00
508, 5.09515E+01, 3.80795E-01, 2.70746E+01, 0.00000E+00, 0.00000E+00, 0.00000E+00
509, 5.21525E+01, -4.49808E-01, 2.71393E+01, 0.00000E+00, 0.00000E+00, 0.00000E+00
510, 5.15675E+01, 1.47866E+00, 2.71309E+01, 0.00000E+00, 0.00000E+00, 0.00000E+00
511, 5.55912E+01, 3.41627E+00, 1.27584E+01, 0.00000E+00, 0.00000E+00, 0.00000E+00
512, 5.42973E+01, -2.12891E-01, 1.35398E+01, 0.00000E+00, 0.00000E+00, 0.00000E+00
513, 5.21834E+01, 2.57652E+00, 2.71873E+01, 0.00000E+00, 0.00000E+00, 0.00000E+00
514, 5.46150E+01, 6.76442E-01, 1.36067E+01, 0.00000E+00, 0.00000E+00, 0.00000E+00
515, 5.27994E+01, 3.67438E+00, 2.72436E+01, 0.00000E+00, 0.00000E+00, 0.00000E+00
516, 5.49327E+01, 1.56577E+00, 1.36736E+01, 0.00000E+00, 0.00000E+00, 0.00000E+00
517, 5.34153E+01, 4.77225E+00, 2.72999E+01, 0.00000E+00, 0.00000E+00, 0.00000E+00
518, 5.52503E+01, 2.45511E+00, 1.37404E+01, 0.00000E+00, 0.00000E+00, 0.00000E+00
519, 5.43239E+01, 3.43360E+00, 2.73634E+01, 0.00000E+00, 0.00000E+00, 0.00000E+00
520, 5.08706E+01, 2.93958E-01, 2.81268E+01, 0.00000E+00, 0.00000E+00, 0.00000E+00
521, 5.20705E+01, -5.43812E-01, 2.81895E+01, 0.00000E+00, 0.00000E+00, 0.00000E+00
522, 5.14994E+01, 1.38603E+00, 2.81819E+01, 0.00000E+00, 0.00000E+00, 0.00000E+00
523, 5.55680E+01, 3.34444E+00, 1.38073E+01, 0.00000E+00, 0.00000E+00, 0.00000E+00
524, 5.42359E+01, -2.79799E-01, 1.45930E+01, 0.00000E+00, 0.00000E+00, 0.00000E+00
525, 5.21282E+01, 2.47811E+00, 2.82369E+01, 0.00000E+00, 0.00000E+00, 0.00000E+00
526, 5.45628E+01, 6.07430E-01, 1.46587E+01, 0.00000E+00, 0.00000E+00, 0.00000E+00
527, 5.27569E+01, 3.57018E+00, 2.82920E+01, 0.00000E+00, 0.00000E+00, 0.00000E+00
528, 5.48898E+01, 1.49466E+00, 1.47244E+01, 0.00000E+00, 0.00000E+00, 0.00000E+00
529, 5.33857E+01, 4.66226E+00, 2.83470E+01, 0.00000E+00, 0.00000E+00, 0.00000E+00
530, 5.52168E+01, 2.38189E+00, 1.47901E+01, 0.00000E+00, 0.00000E+00, 0.00000E+00
531, 5.42890E+01, 3.31878E+00, 2.84111E+01, 0.00000E+00, 0.00000E+00, 0.00000E+00
532, 5.07877E+01, 2.04380E-01, 2.91786E+01, 0.00000E+00, 0.00000E+00, 0.00000E+00
533, 5.19847E+01, -6.38558E-01, 2.92407E+01, 0.00000E+00, 0.00000E+00, 0.00000E+00
534, 5.14289E+01, 1.29076E+00, 2.92324E+01, 0.00000E+00, 0.00000E+00, 0.00000E+00
535, 5.55438E+01, 3.26912E+00, 1.48559E+01, 0.00000E+00, 0.00000E+00, 0.00000E+00
536, 5.41719E+01, -3.48670E-01, 1.56459E+01, 0.00000E+00, 0.00000E+00, 0.00000E+00
537, 5.20702E+01, 2.37715E+00, 2.92862E+01, 0.00000E+00, 0.00000E+00, 0.00000E+00
538, 5.45085E+01, 5.36073E-01, 1.57104E+01, 0.00000E+00, 0.00000E+00, 0.00000E+00
539, 5.27114E+01, 3.46353E+00, 2.93400E+01, 0.00000E+00, 0.00000E+00, 0.00000E+00
540, 5.48451E+01, 1.42082E+00, 1.57750E+01, 0.00000E+00, 0.00000E+00, 0.00000E+00
541, 5.33526E+01, 4.54991E+00, 2.93938E+01, 0.00000E+00, 0.00000E+00, 0.00000E+00
542, 5.51817E+01, 2.30556E+00, 1.58396E+01, 0.00000E+00, 0.00000E+00, 0.00000E+00
543, 5.42521E+01, 3.20147E+00, 2.94549E+01, 0.00000E+00, 0.00000E+00, 0.00000E+00
544, 5.07058E+01, 1.09729E-01, 3.02295E+01, 0.00000E+00, 0.00000E+00, 0.00000E+00
545, 5.19006E+01, -7.38013E-01, 3.02908E+01, 0.00000E+00, 0.00000E+00, 0.00000E+00
546, 5.13588E+01, 1.19049E+00, 3.02824E+01, 0.00000E+00, 0.00000E+00, 0.00000E+00
547, 5.55184E+01, 3.19030E+00, 1.59041E+01, 0.00000E+00, 0.00000E+00, 0.00000E+00
548, 5.41054E+01, -4.19654E-01, 1.66985E+01, 0.00000E+00, 0.00000E+00, 0.00000E+00
549, 5.20118E+01, 2.27126E+00, 3.03353E+01, 0.00000E+00, 0.00000E+00, 0.00000E+00
550, 5.44520E+01, 4.62259E-01, 1.67619E+01, 0.00000E+00, 0.00000E+00, 0.00000E+00
551, 5.26648E+01, 3.35202E+00, 3.03882E+01, 0.00000E+00, 0.00000E+00, 0.00000E+00
552, 5.47986E+01, 1.34417E+00, 1.68253E+01, 0.00000E+00, 0.00000E+00, 0.00000E+00
553, 5.33178E+01, 4.43279E+00, 3.04411E+01, 0.00000E+00, 0.00000E+00, 0.00000E+00
554, 5.51453E+01, 2.22608E+00, 1.68887E+01, 0.00000E+00, 0.00000E+00, 0.00000E+00
555, 5.42130E+01, 3.08128E+00, 3.04979E+01, 0.00000E+00, 0.00000E+00, 0.00000E+00
556, 5.06261E+01, 8.68345E-03, 3.12790E+01, 0.00000E+00, 0.00000E+00, 0.00000E+00
557, 5.18187E+01, -8.42843E-01, 3.13392E+01, 0.00000E+00, 0.00000E+00, 0.00000E+00
558, 5.12910E+01, 1.08250E+00, 3.13321E+01, 0.00000E+00, 0.00000E+00, 0.00000E+00
559, 5.54919E+01, 3.10800E+00, 1.69521E+01, 0.00000E+00, 0.00000E+00, 0.00000E+00
560, 5.24082E+01, 1.05278E-01, 3.13905E+01, 0.00000E+00, 0.00000E+00, 0.00000E+00
561, 5.40368E+01, -4.92861E-01, 1.77508E+01, 0.00000E+00, 0.00000E+00, 0.00000E+00
562, 5.19559E+01, 2.15631E+00, 3.13853E+01, 0.00000E+00, 0.00000E+00, 0.00000E+00
563, 5.43936E+01, 3.85905E-01, 1.78130E+01, 0.00000E+00, 0.00000E+00, 0.00000E+00
564, 5.29978E+01, 1.05340E+00, 3.14418E+01, 0.00000E+00, 0.00000E+00, 0.00000E+00
565, 5.26208E+01, 3.23012E+00, 3.14385E+01, 0.00000E+00, 0.00000E+00, 0.00000E+00
566, 5.47505E+01, 1.26467E+00, 1.78753E+01, 0.00000E+00, 0.00000E+00, 0.00000E+00
567, 5.35873E+01, 2.00152E+00, 3.14931E+01, 0.00000E+00, 0.00000E+00, 0.00000E+00
568, 5.32857E+01, 4.30393E+00, 3.14916E+01, 0.00000E+00, 0.00000E+00, 0.00000E+00
569, 5.51074E+01, 2.14344E+00, 1.79376E+01, 0.00000E+00, 0.00000E+00, 0.00000E+00
570, 5.41769E+01, 2.94964E+00, 3.15445E+01, 0.00000E+00, 0.00000E+00, 0.00000E+00
571, 5.05461E+01, -9.80772E-02, 3.23336E+01, 0.00000E+00, 0.00000E+00, 0.00000E+00
572, 5.17368E+01, -9.53123E-01, 3.23919E+01, 0.00000E+00, 0.00000E+00, 0.00000E+00
573, 5.23370E+01, -1.08045E-02, 3.24416E+01, 0.00000E+00, 0.00000E+00, 0.00000E+00
574, 5.54642E+01, 3.02220E+00, 1.79998E+01, 0.00000E+00, 0.00000E+00, 0.00000E+00
575, 5.12222E+01, 9.69684E-01, 3.23854E+01, 0.00000E+00, 0.00000E+00, 0.00000E+00
576, 5.39662E+01, -5.68403E-01, 1.88028E+01, 0.00000E+00, 0.00000E+00, 0.00000E+00
577, 5.43335E+01, 3.06928E-01, 1.88639E+01, 0.00000E+00, 0.00000E+00, 0.00000E+00
578, 5.47009E+01, 1.18226E+00, 1.89250E+01, 0.00000E+00, 0.00000E+00, 0.00000E+00
579, 5.50682E+01, 2.05759E+00, 1.89861E+01, 0.00000E+00, 0.00000E+00, 0.00000E+00
580, 5.54355E+01, 2.93292E+00, 1.90472E+01, 0.00000E+00, 0.00000E+00, 0.00000E+00
581, 5.38940E+01, -6.46346E-01, 1.98545E+01, 0.00000E+00, 0.00000E+00, 0.00000E+00
582, 5.42719E+01, 2.25279E-01, 1.99145E+01, 0.00000E+00, 0.00000E+00, 0.00000E+00
583, 5.46498E+01, 1.09690E+00, 1.99744E+01, 0.00000E+00, 0.00000E+00, 0.00000E+00
584, 5.50277E+01, 1.96853E+00, 2.00343E+01, 0.00000E+00, 0.00000E+00, 0.00000E+00
585, 5.54056E+01, 2.84015E+00, 2.00942E+01, 0.00000E+00, 0.00000E+00, 0.00000E+00
586, 5.38197E+01, -7.26577E-01, 2.09060E+01, 0.00000E+00, 0.00000E+00, 0.00000E+00
587, 5.42085E+01, 1.41043E-01, 2.09647E+01, 0.00000E+00, 0.00000E+00, 0.00000E+00
588, 5.45972E+01, 1.00866E+00, 2.10234E+01, 0.00000E+00, 0.00000E+00, 0.00000E+00
589, 5.49859E+01, 1.87628E+00, 2.10821E+01, 0.00000E+00, 0.00000E+00, 0.00000E+00
590, 5.53746E+01, 2.74390E+00, 2.11409E+01, 0.00000E+00, 0.00000E+00, 0.00000E+00
591, 5.37440E+01, -8.09390E-01, 2.19571E+01, 0.00000E+00, 0.00000E+00, 0.00000E+00
592, 5.41436E+01, 5.40008E-02, 2.20146E+01, 0.00000E+00, 0.00000E+00, 0.00000E+00
593, 5.45433E+01, 9.17392E-01, 2.20721E+01, 0.00000E+00, 0.00000E+00, 0.00000E+00
594, 5.49429E+01, 1.78078E+00, 2.21297E+01, 0.00000E+00, 0.00000E+00, 0.00000E+00
595, 5.53425E+01, 2.64417E+00, 2.21872E+01, 0.00000E+00, 0.00000E+00, 0.00000E+00
596, 5.36667E+01, -8.94767E-01, 2.30078E+01, 0.00000E+00, 0.00000E+00, 0.00000E+00
597, 5.40774E+01, -3.58347E-02, 2.30642E+01, 0.00000E+00, 0.00000E+00, 0.00000E+00
598, 5.44880E+01, 8.23098E-01, 2.31205E+01, 0.00000E+00, 0.00000E+00, 0.00000E+00
599, 5.48986E+01, 1.68203E+00, 2.31768E+01, 0.00000E+00, 0.00000E+00, 0.00000E+00
600, 5.53093E+01, 2.54096E+00, 2.32331E+01, 0.00000E+00, 0.00000E+00, 0.00000E+00
601, 5.35881E+01, -9.82853E-01, 2.40583E+01, 0.00000E+00, 0.00000E+00, 0.00000E+00
602, 5.40098E+01, -1.28569E-01, 2.41134E+01, 0.00000E+00, 0.00000E+00, 0.00000E+00
603, 5.44315E+01, 7.25714E-01, 2.41685E+01, 0.00000E+00, 0.00000E+00, 0.00000E+00
604, 5.48532E+01, 1.58000E+00, 2.42236E+01, 0.00000E+00, 0.00000E+00, 0.00000E+00
605, 5.52749E+01, 2.43428E+00, 2.42787E+01, 0.00000E+00, 0.00000E+00, 0.00000E+00
606, 5.35086E+01, -1.07389E+00, 2.51085E+01, 0.00000E+00, 0.00000E+00, 0.00000E+00
607, 5.39413E+01, -2.24388E-01, 2.51623E+01, 0.00000E+00, 0.00000E+00, 0.00000E+00
608, 5.43740E+01, 6.25118E-01, 2.52162E+01, 0.00000E+00, 0.00000E+00, 0.00000E+00
609, 5.48067E+01, 1.47462E+00, 2.52700E+01, 0.00000E+00, 0.00000E+00, 0.00000E+00
610, 5.52394E+01, 2.32413E+00, 2.53239E+01, 0.00000E+00, 0.00000E+00, 0.00000E+00
611, 5.34279E+01, -1.16771E+00, 2.61583E+01, 0.00000E+00, 0.00000E+00, 0.00000E+00
612, 5.38717E+01, -3.23154E-01, 2.62109E+01, 0.00000E+00, 0.00000E+00, 0.00000E+00
613, 5.43154E+01, 5.21400E-01, 2.62635E+01, 0.00000E+00, 0.00000E+00, 0.00000E+00
614, 5.47591E+01, 1.36595E+00, 2.63161E+01, 0.00000E+00, 0.00000E+00, 0.00000E+00
615, 5.52029E+01, 2.21051E+00, 2.63687E+01, 0.00000E+00, 0.00000E+00, 0.00000E+00
616, 5.33461E+01, -1.26439E+00, 2.72078E+01, 0.00000E+00, 0.00000E+00, 0.00000E+00
617, 5.38009E+01, -4.24937E-01, 2.72591E+01, 0.00000E+00, 0.00000E+00, 0.00000E+00
618, 5.42556E+01, 4.14514E-01, 2.73104E+01, 0.00000E+00, 0.00000E+00, 0.00000E+00
619, 5.47104E+01, 1.25397E+00, 2.73617E+01, 0.00000E+00, 0.00000E+00, 0.00000E+00
620, 5.51652E+01, 2.09342E+00, 2.74130E+01, 0.00000E+00, 0.00000E+00, 0.00000E+00
621, 5.32636E+01, -1.36411E+00, 2.82569E+01, 0.00000E+00, 0.00000E+00, 0.00000E+00
622, 5.37293E+01, -5.29866E-01, 2.83069E+01, 0.00000E+00, 0.00000E+00, 0.00000E+00
623, 5.41949E+01, 3.04377E-01, 2.83569E+01, 0.00000E+00, 0.00000E+00, 0.00000E+00
624, 5.46606E+01, 1.13862E+00, 2.84069E+01, 0.00000E+00, 0.00000E+00, 0.00000E+00
625, 5.51263E+01, 1.97286E+00, 2.84569E+01, 0.00000E+00, 0.00000E+00, 0.00000E+00
626, 5.31804E+01, -1.46704E+00, 2.93057E+01, 0.00000E+00, 0.00000E+00, 0.00000E+00
627, 5.36569E+01, -6.38065E-01, 2.93543E+01, 0.00000E+00, 0.00000E+00, 0.00000E+00
628, 5.41334E+01, 1.90908E-01, 2.94030E+01, 0.00000E+00, 0.00000E+00, 0.00000E+00
629, 5.46099E+01, 1.01988E+00, 2.94517E+01, 0.00000E+00, 0.00000E+00, 0.00000E+00
630, 5.50864E+01, 1.84885E+00, 2.95004E+01, 0.00000E+00, 0.00000E+00, 0.00000E+00
631, 5.30969E+01, -1.57328E+00, 3.03541E+01, 0.00000E+00, 0.00000E+00, 0.00000E+00
632, 5.35840E+01, -7.49614E-01, 3.04014E+01, 0.00000E+00, 0.00000E+00, 0.00000E+00
633, 5.40711E+01, 7.40552E-02, 3.04487E+01, 0.00000E+00, 0.00000E+00, 0.00000E+00
634, 5.45582E+01, 8.97724E-01, 3.04960E+01, 0.00000E+00, 0.00000E+00, 0.00000E+00
635, 5.50453E+01, 1.72139E+00, 3.05434E+01, 0.00000E+00, 0.00000E+00, 0.00000E+00
636, 5.30128E+01, -1.68271E+00, 3.14021E+01, 0.00000E+00, 0.00000E+00, 0.00000E+00
637, 5.35104E+01, -8.64407E-01, 3.14480E+01, 0.00000E+00, 0.00000E+00, 0.00000E+00
638, 5.40080E+01, -4.61091E-02, 3.14940E+01, 0.00000E+00, 0.00000E+00, 0.00000E+00
639, 5.45056E+01, 7.72189E-01, 3.15399E+01, 0.00000E+00, 0.00000E+00, 0.00000E+00
640, 5.50032E+01, 1.59049E+00, 3.15859E+01, 0.00000E+00, 0.00000E+00, 0.00000E+00
641, 5.29285E+01, -1.79559E+00, 3.24497E+01, 0.00000E+00, 0.00000E+00, 0.00000E+00
642, 5.34364E+01, -9.82663E-01, 3.24943E+01, 0.00000E+00, 0.00000E+00, 0.00000E+00
643, 5.39442E+01, -1.69733E-01, 3.25388E+01, 0.00000E+00, 0.00000E+00, 0.00000E+00
644, 5.29373E+01, 9.31514E-01, 3.24913E+01, 0.00000E+00, 0.00000E+00, 0.00000E+00
645, 5.44521E+01, 6.43197E-01, 3.25834E+01, 0.00000E+00, 0.00000E+00, 0.00000E+00
646, 5.35375E+01, 1.87383E+00, 3.25410E+01, 0.00000E+00, 0.00000E+00, 0.00000E+00
647, 5.49599E+01, 1.45613E+00, 3.26279E+01, 0.00000E+00, 0.00000E+00, 0.00000E+00
648, 5.41378E+01, 2.81615E+00, 3.25906E+01, 0.00000E+00, 0.00000E+00, 0.00000E+00
649, 5.16556E+01, -1.06599E+00, 3.34408E+01, 0.00000E+00, 0.00000E+00, 0.00000E+00
650, 5.28440E+01, -1.91187E+00, 3.34970E+01, 0.00000E+00, 0.00000E+00, 0.00000E+00
651, 5.33619E+01, -1.10433E+00, 3.35401E+01, 0.00000E+00, 0.00000E+00, 0.00000E+00
652, 5.22656E+01, -1.29315E-01, 3.34897E+01, 0.00000E+00, 0.00000E+00, 0.00000E+00
653, 5.38798E+01, -2.96777E-01, 3.35832E+01, 0.00000E+00, 0.00000E+00, 0.00000E+00
654, 5.28757E+01, 8.07357E-01, 3.35387E+01, 0.00000E+00, 0.00000E+00, 0.00000E+00
655, 5.43977E+01, 5.10771E-01, 3.36264E+01, 0.00000E+00, 0.00000E+00, 0.00000E+00
656, 5.34858E+01, 1.74403E+00, 3.35876E+01, 0.00000E+00, 0.00000E+00, 0.00000E+00
657, 5.49155E+01, 1.31832E+00, 3.36695E+01, 0.00000E+00, 0.00000E+00, 0.00000E+00
658, 5.40959E+01, 2.68070E+00, 3.36365E+01, 0.00000E+00, 0.00000E+00, 0.00000E+00
659, 5.15736E+01, -1.18300E+00, 3.44880E+01, 0.00000E+00, 0.00000E+00, 0.00000E+00
660, 5.27594E+01, -2.03176E+00, 3.45438E+01, 0.00000E+00, 0.00000E+00, 0.00000E+00
661, 5.32871E+01, -1.22955E+00, 3.45855E+01, 0.00000E+00, 0.00000E+00, 0.00000E+00
662, 5.21931E+01, -2.51394E-01, 3.45357E+01, 0.00000E+00, 0.00000E+00, 0.00000E+00
663, 5.38147E+01, -4.27340E-01, 3.46272E+01, 0.00000E+00, 0.00000E+00, 0.00000E+00
664, 5.28127E+01, 6.80209E-01, 3.45834E+01, 0.00000E+00, 0.00000E+00, 0.00000E+00
665, 5.43424E+01, 3.74869E-01, 3.46689E+01, 0.00000E+00, 0.00000E+00, 0.00000E+00
666, 5.34322E+01, 1.61181E+00, 3.46311E+01, 0.00000E+00, 0.00000E+00, 0.00000E+00
667, 5.48701E+01, 1.17708E+00, 3.47105E+01, 0.00000E+00, 0.00000E+00, 0.00000E+00
668, 5.40518E+01, 2.54342E+00, 3.46788E+01, 0.00000E+00, 0.00000E+00, 0.00000E+00
669, 5.14927E+01, -1.30517E+00, 3.55366E+01, 0.00000E+00, 0.00000E+00, 0.00000E+00
670, 5.26752E+01, -2.15548E+00, 3.55903E+01, 0.00000E+00, 0.00000E+00, 0.00000E+00
671, 5.32123E+01, -1.35851E+00, 3.56305E+01, 0.00000E+00, 0.00000E+00, 0.00000E+00
672, 5.21212E+01, -3.78467E-01, 3.55823E+01, 0.00000E+00, 0.00000E+00, 0.00000E+00
673, 5.37494E+01, -5.61534E-01, 3.56707E+01, 0.00000E+00, 0.00000E+00, 0.00000E+00
674, 5.27497E+01, 5.48238E-01, 3.56281E+01, 0.00000E+00, 0.00000E+00, 0.00000E+00
675, 5.42864E+01, 2.35438E-01, 3.57109E+01, 0.00000E+00, 0.00000E+00, 0.00000E+00
676, 5.33782E+01, 1.47494E+00, 3.56739E+01, 0.00000E+00, 0.00000E+00, 0.00000E+00
677, 5.48235E+01, 1.03241E+00, 3.57510E+01, 0.00000E+00, 0.00000E+00, 0.00000E+00
678, 5.40067E+01, 2.40165E+00, 3.57197E+01, 0.00000E+00, 0.00000E+00, 0.00000E+00
679, 5.14140E+01, -1.43122E+00, 3.65856E+01, 0.00000E+00, 0.00000E+00, 0.00000E+00
680, 5.25910E+01, -2.28278E+00, 3.66363E+01, 0.00000E+00, 0.00000E+00, 0.00000E+00
681, 5.31372E+01, -1.49101E+00, 3.66750E+01, 0.00000E+00, 0.00000E+00, 0.00000E+00
682, 5.20513E+01, -5.10688E-01, 3.66299E+01, 0.00000E+00, 0.00000E+00, 0.00000E+00
683, 5.36834E+01, -6.99237E-01, 3.67137E+01, 0.00000E+00, 0.00000E+00, 0.00000E+00
684, 5.26886E+01, 4.09842E-01, 3.66743E+01, 0.00000E+00, 0.00000E+00, 0.00000E+00
685, 5.42296E+01, 9.25351E-02, 3.67523E+01, 0.00000E+00, 0.00000E+00, 0.00000E+00
686, 5.33259E+01, 1.33037E+00, 3.67187E+01, 0.00000E+00, 0.00000E+00, 0.00000E+00
687, 5.47758E+01, 8.84307E-01, 3.67910E+01, 0.00000E+00, 0.00000E+00, 0.00000E+00
688, 5.39632E+01, 2.25090E+00, 3.67630E+01, 0.00000E+00, 0.00000E+00, 0.00000E+00
689, 5.13327E+01, -1.55977E+00, 3.76315E+01, 0.00000E+00, 0.00000E+00, 0.00000E+00
690, 5.25070E+01, -2.41379E+00, 3.76819E+01, 0.00000E+00, 0.00000E+00, 0.00000E+00
691, 5.30620E+01, -1.62715E+00, 3.77190E+01, 0.00000E+00, 0.00000E+00, 0.00000E+00
692, 5.19788E+01, -6.45352E-01, 3.76751E+01, 0.00000E+00, 0.00000E+00, 0.00000E+00
693, 5.36170E+01, -8.40510E-01, 3.77562E+01, 0.00000E+00, 0.00000E+00, 0.00000E+00
694, 5.26249E+01, 2.69062E-01, 3.77187E+01, 0.00000E+00, 0.00000E+00, 0.00000E+00
695, 5.41720E+01, -5.38684E-02, 3.77933E+01, 0.00000E+00, 0.00000E+00, 0.00000E+00
696, 5.32710E+01, 1.18348E+00, 3.77623E+01, 0.00000E+00, 0.00000E+00, 0.00000E+00
697, 5.47270E+01, 7.32773E-01, 3.78305E+01, 0.00000E+00, 0.00000E+00, 0.00000E+00
698, 5.39171E+01, 2.09789E+00, 3.78059E+01, 0.00000E+00, 0.00000E+00, 0.00000E+00
699, 5.12504E+01, -1.69203E+00, 3.86769E+01, 0.00000E+00, 0.00000E+00, 0.00000E+00
700, 5.24235E+01, -2.54874E+00, 3.87270E+01, 0.00000E+00, 0.00000E+00, 0.00000E+00
701, 5.29869E+01, -1.76710E+00, 3.87626E+01, 0.00000E+00, 0.00000E+00, 0.00000E+00
702, 5.19049E+01, -7.83306E-01, 3.87197E+01, 0.00000E+00, 0.00000E+00, 0.00000E+00
703, 5.35503E+01, -9.85463E-01, 3.87982E+01, 0.00000E+00, 0.00000E+00, 0.00000E+00
704, 5.25594E+01, 1.25420E-01, 3.87626E+01, 0.00000E+00, 0.00000E+00, 0.00000E+00
705, 5.41137E+01, -2.03822E-01, 3.88338E+01, 0.00000E+00, 0.00000E+00, 0.00000E+00
706, 5.32139E+01, 1.03414E+00, 3.88055E+01, 0.00000E+00, 0.00000E+00, 0.00000E+00
707, 5.46771E+01, 5.77819E-01, 3.88693E+01, 0.00000E+00, 0.00000E+00, 0.00000E+00
708, 5.38684E+01, 1.94287E+00, 3.88484E+01, 0.00000E+00, 0.00000E+00, 0.00000E+00
709, 5.11679E+01, -1.82789E+00, 3.97218E+01, 0.00000E+00, 0.00000E+00, 0.00000E+00
710, 5.23408E+01, -2.68787E+00, 3.97716E+01, 0.00000E+00, 0.00000E+00, 0.00000E+00
711, 5.29121E+01, -1.91104E+00, 3.98056E+01, 0.00000E+00, 0.00000E+00, 0.00000E+00
712, 5.18302E+01, -9.24090E-01, 3.97631E+01, 0.00000E+00, 0.00000E+00, 0.00000E+00
713, 5.34834E+01, -1.13421E+00, 3.98396E+01, 0.00000E+00, 0.00000E+00, 0.00000E+00
714, 5.24925E+01, -2.02946E-02, 3.98044E+01, 0.00000E+00, 0.00000E+00, 0.00000E+00
715, 5.40548E+01, -3.57374E-01, 3.98737E+01, 0.00000E+00, 0.00000E+00, 0.00000E+00
716, 5.31548E+01, 8.83501E-01, 3.98458E+01, 0.00000E+00, 0.00000E+00, 0.00000E+00
717, 5.46261E+01, 4.19457E-01, 3.99077E+01, 0.00000E+00, 0.00000E+00, 0.00000E+00
718, 5.38171E+01, 1.78730E+00, 3.98871E+01, 0.00000E+00, 0.00000E+00, 0.00000E+00
719, 5.10882E+01, -1.96982E+00, 4.07671E+01, 0.00000E+00, 0.00000E+00, 0.00000E+00
720, 5.22591E+01, -2.83135E+00, 4.08157E+01, 0.00000E+00, 0.00000E+00, 0.00000E+00
721, 5.28378E+01, -2.05909E+00, 4.08482E+01, 0.00000E+00, 0.00000E+00, 0.00000E+00
722, 5.17574E+01, -1.07073E+00, 4.08068E+01, 0.00000E+00, 0.00000E+00, 0.00000E+00
723, 5.34165E+01, -1.28683E+00, 4.08806E+01, 0.00000E+00, 0.00000E+00, 0.00000E+00
724, 5.24266E+01, -1.71650E-01, 4.08464E+01, 0.00000E+00, 0.00000E+00, 0.00000E+00
725, 5.39953E+01, -5.14569E-01, 4.09130E+01, 0.00000E+00, 0.00000E+00, 0.00000E+00
726, 5.30959E+01, 7.27434E-01, 4.08860E+01, 0.00000E+00, 0.00000E+00, 0.00000E+00
727, 5.45740E+01, 2.57691E-01, 4.09454E+01, 0.00000E+00, 0.00000E+00, 0.00000E+00
728, 5.37651E+01, 1.62652E+00, 4.09257E+01, 0.00000E+00, 0.00000E+00, 0.00000E+00
729, 5.10135E+01, -2.11773E+00, 4.18131E+01, 0.00000E+00, 0.00000E+00, 0.00000E+00
730, 5.21780E+01, -2.97886E+00, 4.18593E+01, 0.00000E+00, 0.00000E+00, 0.00000E+00
731, 5.27637E+01, -2.21101E+00, 4.18901E+01, 0.00000E+00, 0.00000E+00, 0.00000E+00
732, 5.16888E+01, -1.22407E+00, 4.18514E+01, 0.00000E+00, 0.00000E+00, 0.00000E+00
733, 5.33494E+01, -1.44317E+00, 4.19209E+01, 0.00000E+00, 0.00000E+00, 0.00000E+00
734, 5.23640E+01, -3.30410E-01, 4.18897E+01, 0.00000E+00, 0.00000E+00, 0.00000E+00
735, 5.39351E+01, -6.75331E-01, 4.19517E+01, 0.00000E+00, 0.00000E+00, 0.00000E+00
736, 5.30393E+01, 5.63252E-01, 4.19281E+01, 0.00000E+00, 0.00000E+00, 0.00000E+00
737, 5.45208E+01, 9.25106E-02, 4.19825E+01, 0.00000E+00, 0.00000E+00, 0.00000E+00
738, 5.37145E+01, 1.45691E+00, 4.19664E+01, 0.00000E+00, 0.00000E+00, 0.00000E+00
739, 5.09359E+01, -2.26747E+00, 4.28566E+01, 0.00000E+00, 0.00000E+00, 0.00000E+00
740, 5.20976E+01, -3.13044E+00, 4.29024E+01, 0.00000E+00, 0.00000E+00, 0.00000E+00
741, 5.26898E+01, -2.36685E+00, 4.29316E+01, 0.00000E+00, 0.00000E+00, 0.00000E+00
742, 5.16173E+01, -1.37928E+00, 4.28941E+01, 0.00000E+00, 0.00000E+00, 0.00000E+00
743, 5.32821E+01, -1.60326E+00, 4.29608E+01, 0.00000E+00, 0.00000E+00, 0.00000E+00
744, 5.22987E+01, -4.91091E-01, 4.29316E+01, 0.00000E+00, 0.00000E+00, 0.00000E+00
745, 5.38743E+01, -8.39667E-01, 4.29899E+01, 0.00000E+00, 0.00000E+00, 0.00000E+00
746, 5.29801E+01, 3.97097E-01, 4.29691E+01, 0.00000E+00, 0.00000E+00, 0.00000E+00
747, 5.44665E+01, -7.60758E-02, 4.30191E+01, 0.00000E+00, 0.00000E+00, 0.00000E+00
748, 5.36615E+01, 1.28529E+00, 4.30066E+01, 0.00000E+00, 0.00000E+00, 0.00000E+00
749, 5.08579E+01, -2.42142E+00, 4.38994E+01, 0.00000E+00, 0.00000E+00, 0.00000E+00
750, 5.20182E+01, -3.28633E+00, 4.39449E+01, 0.00000E+00, 0.00000E+00, 0.00000E+00
751, 5.26165E+01, -2.52676E+00, 4.39725E+01, 0.00000E+00, 0.00000E+00, 0.00000E+00
752, 5.15449E+01, -1.53812E+00, 4.39362E+01, 0.00000E+00, 0.00000E+00, 0.00000E+00
753, 5.32147E+01, -1.76719E+00, 4.40000E+01, 0.00000E+00, 0.00000E+00, 0.00000E+00
754, 5.22319E+01, -6.54825E-01, 4.39729E+01, 0.00000E+00, 0.00000E+00, 0.00000E+00
755, 5.38129E+01, -1.00763E+00, 4.40275E+01, 0.00000E+00, 0.00000E+00, 0.00000E+00
756, 5.29189E+01, 2.28473E-01, 4.40097E+01, 0.00000E+00, 0.00000E+00, 0.00000E+00
757, 5.44111E+01, -2.48058E-01, 4.40550E+01, 0.00000E+00, 0.00000E+00, 0.00000E+00
758, 5.36059E+01, 1.11177E+00, 4.40464E+01, 0.00000E+00, 0.00000E+00, 0.00000E+00
759, 5.07802E+01, -2.57929E+00, 4.49417E+01, 0.00000E+00, 0.00000E+00, 0.00000E+00
760, 5.19401E+01, -3.44676E+00, 4.49869E+01, 0.00000E+00, 0.00000E+00, 0.00000E+00
761, 5.25438E+01, -2.69092E+00, 4.50127E+01, 0.00000E+00, 0.00000E+00, 0.00000E+00
762, 5.14720E+01, -1.69994E+00, 4.49768E+01, 0.00000E+00, 0.00000E+00, 0.00000E+00
763, 5.31474E+01, -1.93509E+00, 4.50386E+01, 0.00000E+00, 0.00000E+00, 0.00000E+00
764, 5.21639E+01, -8.20598E-01, 4.50119E+01, 0.00000E+00, 0.00000E+00, 0.00000E+00
765, 5.37510E+01, -1.17926E+00, 4.50645E+01, 0.00000E+00, 0.00000E+00, 0.00000E+00
766, 5.28558E+01, 5.87472E-02, 4.50469E+01, 0.00000E+00, 0.00000E+00, 0.00000E+00
767, 5.43547E+01, -4.23425E-01, 4.50903E+01, 0.00000E+00, 0.00000E+00, 0.00000E+00
768, 5.35477E+01, 9.38092E-01, 4.50820E+01, 0.00000E+00, 0.00000E+00, 0.00000E+00
769, 5.07041E+01, -2.74190E+00, 4.59835E+01, 0.00000E+00, 0.00000E+00, 0.00000E+00
770, 5.18636E+01, -3.61191E+00, 4.60282E+01, 0.00000E+00, 0.00000E+00, 0.00000E+00
771, 5.24719E+01, -2.85947E+00, 4.60524E+01, 0.00000E+00, 0.00000E+00, 0.00000E+00
772, 5.14001E+01, -1.86609E+00, 4.60165E+01, 0.00000E+00, 0.00000E+00, 0.00000E+00
773, 5.30803E+01, -2.10704E+00, 4.60766E+01, 0.00000E+00, 0.00000E+00, 0.00000E+00
774, 5.20960E+01, -9.90278E-01, 4.60495E+01, 0.00000E+00, 0.00000E+00, 0.00000E+00
775, 5.36887E+01, -1.35460E+00, 4.61008E+01, 0.00000E+00, 0.00000E+00, 0.00000E+00
776, 5.27919E+01, -1.14469E-01, 4.60825E+01, 0.00000E+00, 0.00000E+00, 0.00000E+00
777, 5.42971E+01, -6.02168E-01, 4.61250E+01, 0.00000E+00, 0.00000E+00, 0.00000E+00
778, 5.34878E+01, 7.61339E-01, 4.61155E+01, 0.00000E+00, 0.00000E+00, 0.00000E+00
779, 5.06310E+01, -2.90937E+00, 4.70245E+01, 0.00000E+00, 0.00000E+00, 0.00000E+00
780, 5.17883E+01, -3.78158E+00, 4.70688E+01, 0.00000E+00, 0.00000E+00, 0.00000E+00
781, 5.24008E+01, -3.03226E+00, 4.70914E+01, 0.00000E+00, 0.00000E+00, 0.00000E+00
782, 5.13307E+01, -2.03799E+00, 4.70556E+01, 0.00000E+00, 0.00000E+00, 0.00000E+00
783, 5.30134E+01, -2.28294E+00, 4.71139E+01, 0.00000E+00, 0.00000E+00, 0.00000E+00
784, 5.20303E+01, -1.16661E+00, 4.70867E+01, 0.00000E+00, 0.00000E+00, 0.00000E+00
785, 5.36259E+01, -1.53362E+00, 4.71364E+01, 0.00000E+00, 0.00000E+00, 0.00000E+00
786, 5.27300E+01, -2.95227E-01, 4.71178E+01, 0.00000E+00, 0.00000E+00, 0.00000E+00
787, 5.42385E+01, -7.84296E-01, 4.71590E+01, 0.00000E+00, 0.00000E+00, 0.00000E+00
788, 5.34296E+01, 5.76153E-01, 4.71489E+01, 0.00000E+00, 0.00000E+00, 0.00000E+00
789, 5.60027E+01, -8.14608E+00, -3.33333E+01, 0.00000E+00, 0.00000E+00, 0.00000E+00
790, 5.60036E+01, -8.14608E+00, -3.16667E+01, 0.00000E+00, 0.00000E+00, 0.00000E+00
791, 5.60027E+01, -3.76585E+00, -3.33333E+01, 0.00000E+00, 0.00000E+00, 0.00000E+00
792, 5.60034E+01, -3.76585E+00, -3.16667E+01, 0.00000E+00, 0.00000E+00, 0.00000E+00
793, 5.60027E+01, 6.14391E-01, -3.33333E+01, 0.00000E+00, 0.00000E+00, 0.00000E+00
794, 5.60032E+01, 6.14391E-01, -3.16667E+01, 0.00000E+00, 0.00000E+00, 0.00000E+00
795, 5.60027E+01, 4.99463E+00, -3.33333E+01, 0.00000E+00, 0.00000E+00, 0.00000E+00
796, 5.60030E+01, 4.99463E+00, -3.16667E+01, 0.00000E+00, 0.00000E+00, 0.00000E+00
797, 5.60027E+01, 9.37487E+00, -3.33333E+01, 0.00000E+00, 0.00000E+00, 0.00000E+00
798, 5.60027E+01, 9.37487E+00, -3.16667E+01, 0.00000E+00, 0.00000E+00, 0.00000E+00
799, 5.60045E+01, -8.14608E+00, -3.00000E+01, 0.00000E+00, 0.00000E+00, 0.00000E+00
800, 5.60041E+01, -3.76585E+00, -3.00000E+01, 0.00000E+00, 0.00000E+00, 0.00000E+00
801, 5.60036E+01, 6.14391E-01, -3.00000E+01, 0.00000E+00, 0.00000E+00, 0.00000E+00
802, 5.60032E+01, 4.99463E+00, -3.00000E+01, 0.00000E+00, 0.00000E+00, 0.00000E+00
803, 5.60027E+01, 9.37487E+00, -3.00000E+01, 0.00000E+00, 0.00000E+00, 0.00000E+00
804, 5.60054E+01, -8.14608E+00, -2.83333E+01, 0.00000E+00, 0.00000E+00, 0.00000E+00
805, 5.60048E+01, -3.76585E+00, -2.83333E+01, 0.00000E+00, 0.00000E+00, 0.00000E+00
806, 5.60041E+01, 6.14391E-01, -2.83333E+01, 0.00000E+00, 0.00000E+00, 0.00000E+00
807, 5.60034E+01, 4.99463E+00, -2.83333E+01, 0.00000E+00, 0.00000E+00, 0.00000E+00
808, 5.60027E+01, 9.37487E+00, -2.83333E+01, 0.00000E+00, 0.00000E+00, 0.00000E+00
809, 5.60063E+01, -8.14608E+00, -2.66667E+01, 0.00000E+00, 0.00000E+00, 0.00000E+00
810, 5.60054E+01, -3.76585E+00, -2.66667E+01, 0.00000E+00, 0.00000E+00, 0.00000E+00
811, 5.60045E+01, 6.14391E-01, -2.66667E+01, 0.00000E+00, 0.00000E+00, 0.00000E+00
812, 5.60036E+01, 4.99463E+00, -2.66667E+01, 0.00000E+00, 0.00000E+00, 0.00000E+00
813, 5.60027E+01, 9.37487E+00, -2.66667E+01, 0.00000E+00, 0.00000E+00, 0.00000E+00
814, 5.60072E+01, -8.14608E+00, -2.50000E+01, 0.00000E+00, 0.00000E+00, 0.00000E+00
815, 5.60061E+01, -3.76585E+00, -2.50000E+01, 0.00000E+00, 0.00000E+00, 0.00000E+00
816, 5.60050E+01, 6.14391E-01, -2.50000E+01, 0.00000E+00, 0.00000E+00, 0.00000E+00
817, 5.60039E+01, 4.99463E+00, -2.50000E+01, 0.00000E+00, 0.00000E+00, 0.00000E+00
818, 5.60027E+01, 9.37487E+00, -2.50000E+01, 0.00000E+00, 0.00000E+00, 0.00000E+00
819, 5.54914E+01, -7.23225E+00, -2.36111E+01, 0.00000E+00, 0.00000E+00, 0.00000E+00
820, 5.54899E+01, -3.30427E+00, -2.36111E+01, 0.00000E+00, 0.00000E+00, 0.00000E+00
821, 5.54884E+01, 6.23707E-01, -2.36111E+01, 0.00000E+00, 0.00000E+00, 0.00000E+00
822, 5.54869E+01, 4.55168E+00, -2.36111E+01, 0.00000E+00, 0.00000E+00, 0.00000E+00
823, 5.54853E+01, 8.47966E+00, -2.36111E+01, 0.00000E+00, 0.00000E+00, 0.00000E+00
824, 5.49756E+01, -6.31839E+00, -2.22222E+01, 0.00000E+00, 0.00000E+00, 0.00000E+00
825, 5.49737E+01, -2.84268E+00, -2.22222E+01, 0.00000E+00, 0.00000E+00, 0.00000E+00
826, 5.49718E+01, 6.33034E-01, -2.22222E+01, 0.00000E+00, 0.00000E+00, 0.00000E+00
827, 5.49698E+01, 4.10875E+00, -2.22223E+01, 0.00000E+00, 0.00000E+00, 0.00000E+00
828, 5.49679E+01, 7.58446E+00, -2.22223E+01, 0.00000E+00, 0.00000E+00, 0.00000E+00
829, 5.44598E+01, -5.40450E+00, -2.08333E+01, 0.00000E+00, 0.00000E+00, 0.00000E+00
830, 5.44575E+01, -2.38106E+00, -2.08333E+01, 0.00000E+00, 0.00000E+00, 0.00000E+00
831, 5.44552E+01, 6.42391E-01, -2.08333E+01, 0.00000E+00, 0.00000E+00, 0.00000E+00
832, 5.44528E+01, 3.66584E+00, -2.08334E+01, 0.00000E+00, 0.00000E+00, 0.00000E+00
833, 5.44505E+01, 6.68929E+00, -2.08334E+01, 0.00000E+00, 0.00000E+00, 0.00000E+00
834, 5.39440E+01, -4.49059E+00, -1.94444E+01, 0.00000E+00, 0.00000E+00, 0.00000E+00
835, 5.39413E+01, -1.91940E+00, -1.94444E+01, 0.00000E+00, 0.00000E+00, 0.00000E+00
836, 5.39386E+01, 6.51778E-01, -1.94444E+01, 0.00000E+00, 0.00000E+00, 0.00000E+00
837, 5.39358E+01, 3.22296E+00, -1.94445E+01, 0.00000E+00, 0.00000E+00, 0.00000E+00
838, 5.39331E+01, 5.79414E+00, -1.94445E+01, 0.00000E+00, 0.00000E+00, 0.00000E+00
839, 5.34282E+01, -3.57665E+00, -1.80555E+01, 0.00000E+00, 0.00000E+00, 0.00000E+00
840, 5.34251E+01, -1.45773E+00, -1.80555E+01, 0.00000E+00, 0.00000E+00, 0.00000E+00
841, 5.34219E+01, 6.61194E-01, -1.80556E+01, 0.00000E+00, 0.00000E+00, 0.00000E+00
842, 5.34188E+01, 2.78011E+00, -1.80556E+01, 0.00000E+00, 0.00000E+00, 0.00000E+00
843, 5.34156E+01, 4.89903E+00, -1.80556E+01, 0.00000E+00, 0.00000E+00, 0.00000E+00
844, 5.29124E+01, -2.66270E+00, -1.66667E+01, 0.00000E+00, 0.00000E+00, 0.00000E+00
845, 5.29089E+01, -9.96032E-01, -1.66667E+01, 0.00000E+00, 0.00000E+00, 0.00000E+00
846, 5.29053E+01, 6.70631E-01, -1.66667E+01, 0.00000E+00, 0.00000E+00, 0.00000E+00
847, 5.29018E+01, 2.33729E+00, -1.66667E+01, 0.00000E+00, 0.00000E+00, 0.00000E+00
848, 5.28982E+01, 4.00396E+00, -1.66667E+01, 0.00000E+00, 0.00000E+00, 0.00000E+00
849, 5.28287E+01, -2.20790E+00, -1.57204E+01, 0.00000E+00, 0.00000E+00, 0.00000E+00
850, 5.28476E+01, -6.17249E-01, -1.56952E+01, 0.00000E+00, 0.00000E+00, 0.00000E+00
851, 5.28665E+01, 9.73398E-01, -1.56700E+01, 0.00000E+00, 0.00000E+00, 0.00000E+00
852, 5.28854E+01, 2.56405E+00, -1.56448E+01, 0.00000E+00, 0.00000E+00, 0.00000E+00
853, 5.29043E+01, 4.15469E+00, -1.56195E+01, 0.00000E+00, 0.00000E+00, 0.00000E+00
854, 5.27516E+01, -1.78060E+00, -1.47601E+01, 0.00000E+00, 0.00000E+00, 0.00000E+00
