        1.,       16.,        1.,        6.,       11.
        5.,       11.,        6.,       21.,       26.
        9.,       26.,       21.,       31.,       36.
       13.,       36.,       31.,       41.,       46.
       17.,       46.,       41.,       51.,       56.
       21.,       56.,       51.,       61.,       66.
       25.,       66.,       61.,       71.,       76.
       29.,       76.,       71.,       81.,       86.
       33.,       86.,       81.,       91.,       96.
       37.,       96.,       91.,      101.,      106.
       41.,      106.,      101.,      111.,      116.
       45.,      116.,      111.,      121.,      126.
       49.,      126.,      121.,      131.,      136.
       53.,      136.,      131.,      141.,      146.
       57.,      146.,      141.,      151.,      156.
       61.,      156.,      151.,      161.,      166.
       65.,      166.,      161.,      171.,      176.
       69.,      176.,      171.,      181.,      186.
       73.,      186.,      181.,      191.,      196.
       77.,      196.,      191.,      201.,      206.
       81.,      206.,      201.,      211.,      216.
       85.,      216.,      211.,      221.,      226.
       89.,      226.,      221.,      231.,      236.
       93.,      236.,      231.,      241.,      246.
       97.,      246.,      241.,      251.,      256.
      101.,        1.,      261.,      266.,        6.
      105.,        6.,      266.,      271.,       21.
      109.,       21.,      271.,      276.,       31.
      113.,       31.,      276.,      281.,       41.
      117.,       41.,      281.,      286.,       51.
      121.,       51.,      286.,      291.,       61.
      125.,       61.,      291.,      296.,       71.
      129.,       71.,      296.,      301.,       81.
      133.,       81.,      301.,      306.,       91.
      137.,       91.,      306.,      311.,      101.
      141.,      101.,      311.,      316.,      111.
      145.,      111.,      316.,      321.,      121.
      149.,      121.,      321.,      326.,      131.
      153.,      131.,      326.,      331.,      141.
      157.,      141.,      331.,      336.,      151.
      161.,      151.,      336.,      341.,      161.
      165.,      161.,      341.,      346.,      171.
      169.,      171.,      346.,      351.,      181.
      173.,      181.,      351.,      356.,      191.
      177.,      191.,      356.,      361.,      201.
      181.,      201.,      361.,      366.,      211.
      185.,      211.,      366.,      371.,      221.
      189.,      221.,      371.,      376.,      231.
      193.,      231.,      376.,      381.,      241.
      197.,      241.,      381.,      386.,      251.
      201.,      261.,      391.,      396.,      266.
      205.,      266.,      396.,      401.,      271.
      209.,      271.,      401.,      406.,      276.
      213.,      276.,      406.,      411.,      281.
      217.,      281.,      411.,      416.,      286.
      221.,      286.,      416.,      421.,      291.
      225.,      291.,      421.,      426.,      296.
      229.,      296.,      426.,      431.,      301.
      233.,      301.,      431.,      436.,      306.
      237.,      306.,      436.,      441.,      311.
      241.,      311.,      441.,      446.,      316.
      245.,      316.,      446.,      451.,      321.
      249.,      321.,      451.,      456.,      326.
      253.,      326.,      456.,      461.,      331.
      257.,      331.,      461.,      466.,      336.
      261.,      336.,      466.,      471.,      341.
      265.,      341.,      471.,      476.,      346.
      269.,      346.,      476.,      481.,      351.
      273.,      351.,      481.,      486.,      356.
      277.,      356.,      486.,      491.,      361.
      281.,      361.,      491.,      496.,      366.
      285.,      366.,      496.,      501.,      371.
      289.,      371.,      501.,      506.,      376.
      293.,      376.,      506.,      511.,      381.
      297.,      381.,      511.,      516.,      386.
      301.,      391.,      521.,      526.,      396.
      305.,      396.,      526.,      531.,      401.
      309.,      401.,      531.,      536.,      406.
      313.,      406.,      536.,      541.,      411.
      317.,      411.,      541.,      546.,      416.
      321.,      416.,      546.,      551.,      421.
      325.,      421.,      551.,      556.,      426.
      329.,      426.,      556.,      561.,      431.
      333.,      431.,      561.,      566.,      436.
      337.,      436.,      566.,      571.,      441.
      341.,      441.,      571.,      576.,      446.
      345.,      446.,      576.,      581.,      451.
      349.,      451.,      581.,      586.,      456.
      353.,      456.,      586.,      591.,      461.
      357.,      461.,      591.,      596.,      466.
      361.,      466.,      596.,      601.,      471.
      365.,      471.,      601.,      606.,      476.
      369.,      476.,      606.,      611.,      481.
      373.,      481.,      611.,      616.,      486.
      377.,      486.,      616.,      621.,      491.
      381.,      491.,      621.,      626.,      496.
      385.,      496.,      626.,      631.,      501.
      389.,      501.,      631.,      636.,      506.
      393.,      506.,      636.,      641.,      511.
      397.,      511.,      641.,      646.,      516.
      401.,      521.,      651.,      656.,      526.
      405.,      526.,      656.,      661.,      531.
      409.,      531.,      661.,      666.,      536.
      413.,      536.,      666.,      671.,      541.
      417.,      541.,      671.,      676.,      546.
      421.,      546.,      676.,      681.,      551.
      425.,      551.,      681.,      686.,      556.
      429.,      556.,      686.,      691.,      561.
      433.,      561.,      691.,      696.,      566.
      437.,      566.,      696.,      701.,      571.
      441.,      571.,      701.,      706.,      576.
      445.,      576.,      706.,      711.,      581.
      449.,      581.,      711.,      716.,      586.
      453.,      586.,      716.,      721.,      591.
      457.,      591.,      721.,      726.,      596.
      461.,      596.,      726.,      731.,      601.
      465.,      601.,      731.,      736.,      606.
      469.,      606.,      736.,      741.,      611.
      473.,      611.,      741.,      746.,      616.
      477.,      616.,      746.,      751.,      621.
      481.,      621.,      751.,      756.,      626.
      485.,      626.,      756.,      761.,      631.
      489.,      631.,      761.,      766.,      636.
      493.,      636.,      766.,      771.,      641.
      497.,      641.,      771.,      776.,      646.
      501.,      651.,      781.,      786.,      656.
      505.,      656.,      786.,      791.,      661.
      509.,      661.,      791.,      796.,      666.
      513.,      666.,      796.,      801.,      671.
      517.,      671.,      801.,      806.,      676.
      521.,      676.,      806.,      811.,      681.
      525.,      681.,      811.,      816.,      686.
      529.,      686.,      816.,      821.,      691.
      533.,      691.,      821.,      826.,      696.
      537.,      696.,      826.,      831.,      701.
      541.,      701.,      831.,      836.,      706.
      545.,      706.,      836.,      841.,      711.
      549.,      711.,      841.,      846.,      716.
      553.,      716.,      846.,      851.,      721.
      557.,      721.,      851.,      856.,      726.
      561.,      726.,      856.,      861.,      731.
      565.,      731.,      861.,      866.,      736.
      569.,      736.,      866.,      871.,      741.
      573.,      741.,      871.,      876.,      746.
      577.,      746.,      876.,      881.,      751.
      581.,      751.,      881.,      886.,      756.
      585.,      756.,      886.,      891.,      761.
      589.,      761.,      891.,      896.,      766.
      593.,      766.,      896.,      901.,      771.
      597.,      771.,      901.,      906.,      776.
      601.,      781.,      911.,      916.,      786.
      605.,      786.,      916.,      921.,      791.
      609.,      791.,      921.,      926.,      796.
      613.,      796.,      926.,      931.,      801.
      617.,      801.,      931.,      936.,      806.
      621.,      806.,      936.,      941.,      811.
      625.,      811.,      941.,      946.,      816.
      629.,      816.,      946.,      951.,      821.
      633.,      821.,      951.,      956.,      826.
      637.,      826.,      956.,      961.,      831.
      641.,      831.,      961.,      966.,      836.
      645.,      836.,      966.,      971.,      841.
      649.,      841.,      971.,      976.,      846.
      653.,      846.,      976.,      981.,      851.
      657.,      851.,      981.,      986.,      856.
      661.,      856.,      986.,      991.,      861.
      665.,      861.,      991.,      996.,      866.
      669.,      866.,      996.,     1001.,      871.
      673.,      871.,     1001.,     1006.,      876.
      677.,      876.,     1006.,     1011.,      881.
      681.,      881.,     1011.,     1016.,      886.
      685.,      886.,     1016.,     1021.,      891.
      689.,      891.,     1021.,     1026.,      896.
      693.,      896.,     1026.,     1031.,      901.
      697.,      901.,     1031.,     1036.,      906.
      701.,      911.,     1041.,     1046.,      916.
      705.,      916.,     1046.,     1051.,      921.
      709.,      921.,     1051.,     1056.,      926.
      713.,      926.,     1056.,     1061.,      931.
      717.,      931.,     1061.,     1066.,      936.
      721.,      936.,     1066.,     1071.,      941.
      725.,      941.,     1071.,     1076.,      946.
      729.,      946.,     1076.,     1081.,      951.
      733.,      951.,     1081.,     1086.,      956.
      737.,      956.,     1086.,     1091.,      961.
      741.,      961.,     1091.,     1096.,      966.
      745.,      966.,     1096.,     1101.,      971.
      749.,      971.,     1101.,     1106.,      976.
      753.,      976.,     1106.,     1111.,      981.
      757.,      981.,     1111.,     1116.,      986.
      761.,      986.,     1116.,     1121.,      991.
      765.,      991.,     1121.,     1126.,      996.
      769.,      996.,     1126.,     1131.,     1001.
      773.,     1001.,     1131.,     1136.,     1006.
      777.,     1006.,     1136.,     1141.,     1011.
      781.,     1011.,     1141.,     1146.,     1016.
      785.,     1016.,     1146.,     1151.,     1021.
      789.,     1021.,     1151.,     1156.,     1026.
      793.,     1026.,     1156.,     1161.,     1031.
      797.,     1031.,     1161.,     1166.,     1036.
      801.,     1041.,     1171.,     1176.,     1046.
      805.,     1046.,     1176.,     1181.,     1051.
      809.,     1051.,     1181.,     1186.,     1056.
      813.,     1056.,     1186.,     1191.,     1061.
      817.,     1061.,     1191.,     1196.,     1066.
      821.,     1066.,     1196.,     1201.,     1071.
      825.,     1071.,     1201.,     1206.,     1076.
      829.,     1076.,     1206.,     1211.,     1081.
      833.,     1081.,     1211.,     1216.,     1086.
      837.,     1086.,     1216.,     1221.,     1091.
      841.,     1091.,     1221.,     1226.,     1096.
      845.,     1096.,     1226.,     1231.,     1101.
      849.,     1101.,     1231.,     1236.,     1106.
      853.,     1106.,     1236.,     1241.,     1111.
      857.,     1111.,     1241.,     1246.,     1116.
      861.,     1116.,     1246.,     1251.,     1121.
      865.,     1121.,     1251.,     1256.,     1126.
      869.,     1126.,     1256.,     1261.,     1131.
      873.,     1131.,     1261.,     1266.,     1136.
      877.,     1136.,     1266.,     1271.,     1141.
      881.,     1141.,     1271.,     1276.,     1146.
      885.,     1146.,     1276.,     1281.,     1151.
      889.,     1151.,     1281.,     1286.,     1156.
      893.,     1156.,     1286.,     1291.,     1161.
      897.,     1161.,     1291.,     1296.,     1166.
      901.,     1171.,     1301.,     1306.,     1176.
      905.,     1176.,     1306.,     1311.,     1181.
      909.,     1181.,     1311.,     1316.,     1186.
      913.,     1186.,     1316.,     1321.,     1191.
      917.,     1191.,     1321.,     1326.,     1196.
      921.,     1196.,     1326.,     1331.,     1201.
      925.,     1201.,     1331.,     1336.,     1206.
      929.,     1206.,     1336.,     1341.,     1211.
      933.,     1211.,     1341.,     1346.,     1216.
      937.,     1216.,     1346.,     1351.,     1221.
      941.,     1221.,     1351.,     1356.,     1226.
      945.,     1226.,     1356.,     1361.,     1231.
      949.,     1231.,     1361.,     1366.,     1236.
      953.,     1236.,     1366.,     1371.,     1241.
      957.,     1241.,     1371.,     1376.,     1246.
      961.,     1246.,     1376.,     1381.,     1251.
      965.,     1251.,     1381.,     1386.,     1256.
      969.,     1256.,     1386.,     1391.,     1261.
      973.,     1261.,     1391.,     1396.,     1266.
      977.,     1266.,     1396.,     1401.,     1271.
      981.,     1271.,     1401.,     1406.,     1276.
      985.,     1276.,     1406.,     1411.,     1281.
      989.,     1281.,     1411.,     1416.,     1286.
      993.,     1286.,     1416.,     1421.,     1291.
      997.,     1291.,     1421.,     1426.,     1296.
     1001.,     1301.,     1431.,     1436.,     1306.
     1005.,     1306.,     1436.,     1441.,     1311.
     1009.,     1311.,     1441.,     1446.,     1316.
     1013.,     1316.,     1446.,     1451.,     1321.
     1017.,     1321.,     1451.,     1456.,     1326.
     1021.,     1326.,     1456.,     1461.,     1331.
     1025.,     1331.,     1461.,     1466.,     1336.
     1029.,     1336.,     1466.,     1471.,     1341.
     1033.,     1341.,     1471.,     1476.,     1346.
     1037.,     1346.,     1476.,     1481.,     1351.
     1041.,     1351.,     1481.,     1486.,     1356.
     1045.,     1356.,     1486.,     1491.,     1361.
     1049.,     1361.,     1491.,     1496.,     1366.
     1053.,     1366.,     1496.,     1501.,     1371.
     1057.,     1371.,     1501.,     1506.,     1376.
     1061.,     1376.,     1506.,     1511.,     1381.
     1065.,     1381.,     1511.,     1516.,     1386.
     1069.,     1386.,     1516.,     1521.,     1391.
     1073.,     1391.,     1521.,     1526.,     1396.
     1077.,     1396.,     1526.,     1531.,     1401.
     1081.,     1401.,     1531.,     1536.,     1406.
     1085.,     1406.,     1536.,     1541.,     1411.
     1089.,     1411.,     1541.,     1546.,     1416.
     1093.,     1416.,     1546.,     1551.,     1421.
     1097.,     1421.,     1551.,     1556.,     1426.
     1101.,     1431.,     1561.,     1566.,     1436.
     1105.,     1436.,     1566.,     1571.,     1441.
     1109.,     1441.,     1571.,     1576.,     1446.
     1113.,     1446.,     1576.,     1581.,     1451.
     1117.,     1451.,     1581.,     1586.,     1456.
     1121.,     1456.,     1586.,     1591.,     1461.
     1125.,     1461.,     1591.,     1596.,     1466.
     1129.,     1466.,     1596.,     1601.,     1471.
     1133.,     1471.,     1601.,     1606.,     1476.
     1137.,     1476.,     1606.,     1611.,     1481.
     1141.,     1481.,     1611.,     1616.,     1486.
     1145.,     1486.,     1616.,     1621.,     1491.
     1149.,     1491.,     1621.,     1626.,     1496.
     1153.,     1496.,     1626.,     1631.,     1501.
     1157.,     1501.,     1631.,     1636.,     1506.
     1161.,     1506.,     1636.,     1641.,     1511.
     1165.,     1511.,     1641.,     1646.,     1516.
     1169.,     1516.,     1646.,     1651.,     1521.
     1173.,     1521.,     1651.,     1656.,     1526.
     1177.,     1526.,     1656.,     1661.,     1531.
     1181.,     1531.,     1661.,     1666.,     1536.
     1185.,     1536.,     1666.,     1671.,     1541.
     1189.,     1541.,     1671.,     1676.,     1546.
     1193.,     1546.,     1676.,     1681.,     1551.
     1197.,     1551.,     1681.,     1686.,     1556.
     1201.,     1561.,     1691.,     1696.,     1566.
     1205.,     1566.,     1696.,     1701.,     1571.
     1209.,     1571.,     1701.,     1706.,     1576.
     1213.,     1576.,     1706.,     1711.,     1581.
     1217.,     1581.,     1711.,     1716.,     1586.
     1221.,     1586.,     1716.,     1721.,     1591.
     1225.,     1591.,     1721.,     1726.,     1596.
     1229.,     1596.,     1726.,     1731.,     1601.
     1233.,     1601.,     1731.,     1736.,     1606.
     1237.,     1606.,     1736.,     1741.,     1611.
     1241.,     1611.,     1741.,     1746.,     1616.
     1245.,     1616.,     1746.,     1751.,     1621.
     1249.,     1621.,     1751.,     1756.,     1626.
     1253.,     1626.,     1756.,     1761.,     1631.
     1257.,     1631.,     1761.,     1766.,     1636.
     1261.,     1636.,     1766.,     1771.,     1641.
     1265.,     1641.,     1771.,     1776.,     1646.
     1269.,     1646.,     1776.,     1781.,     1651.
     1273.,     1651.,     1781.,     1786.,     1656.
     1277.,     1656.,     1786.,     1791.,     1661.
     1281.,     1661.,     1791.,     1796.,     1666.
     1285.,     1666.,     1796.,     1801.,     1671.
     1289.,     1671.,     1801.,     1806.,     1676.
     1293.,     1676.,     1806.,     1811.,     1681.
     1297.,     1681.,     1811.,     1816.,     1686.
     1301.,     1691.,     1821.,     1826.,     1696.
     1305.,     1696.,     1826.,     1831.,     1701.
     1309.,     1701.,     1831.,     1836.,     1706.
     1313.,     1706.,     1836.,     1841.,     1711.
     1317.,     1711.,     1841.,     1846.,     1716.
     1321.,     1716.,     1846.,     1851.,     1721.
     1325.,     1721.,     1851.,     1856.,     1726.
     1329.,     1726.,     1856.,     1861.,     1731.
     1333.,     1731.,     1861.,     1866.,     1736.
     1337.,     1736.,     1866.,     1871.,     1741.
     1341.,     1741.,     1871.,     1876.,     1746.
     1345.,     1746.,     1876.,     1881.,     1751.
     1349.,     1751.,     1881.,     1886.,     1756.
     1353.,     1756.,     1886.,     1891.,     1761.
     1357.,     1761.,     1891.,     1896.,     1766.
     1361.,     1766.,     1896.,     1901.,     1771.
     1365.,     1771.,     1901.,     1906.,     1776.
     1369.,     1776.,     1906.,     1911.,     1781.
     1373.,     1781.,     1911.,     1916.,     1786.
     1377.,     1786.,     1916.,     1921.,     1791.
     1381.,     1791.,     1921.,     1926.,     1796.
     1385.,     1796.,     1926.,     1931.,     1801.
     1389.,     1801.,     1931.,     1936.,     1806.
     1393.,     1806.,     1936.,     1941.,     1811.
     1397.,     1811.,     1941.,     1946.,     1816.
