        4.,       20.,        5.,       10.,       15.
        8.,       15.,       10.,       25.,       30.
       12.,       30.,       25.,       35.,       40.
       16.,       40.,       35.,       45.,       50.
       20.,       50.,       45.,       55.,       60.
       24.,       60.,       55.,       65.,       70.
       28.,       70.,       65.,       75.,       80.
       32.,       80.,       75.,       85.,       90.
       36.,       90.,       85.,       95.,      100.
       40.,      100.,       95.,      105.,      110.
       44.,      110.,      105.,      115.,      120.
       48.,      120.,      115.,      125.,      130.
       52.,      130.,      125.,      135.,      140.
       56.,      140.,      135.,      145.,      150.
       60.,      150.,      145.,      155.,      160.
       64.,      160.,      155.,      165.,      170.
       68.,      170.,      165.,      175.,      180.
       72.,      180.,      175.,      185.,      190.
       76.,      190.,      185.,      195.,      200.
       80.,      200.,      195.,      205.,      210.
       84.,      210.,      205.,      215.,      220.
       88.,      220.,      215.,      225.,      230.
       92.,      230.,      225.,      235.,      240.
       96.,      240.,      235.,      245.,      250.
      100.,      250.,      245.,      255.,      260.
      104.,        5.,      265.,      270.,       10.
      108.,       10.,      270.,      275.,       25.
      112.,       25.,      275.,      280.,       35.
      116.,       35.,      280.,      285.,       45.
      120.,       45.,      285.,      290.,       55.
      124.,       55.,      290.,      295.,       65.
      128.,       65.,      295.,      300.,       75.
      132.,       75.,      300.,      305.,       85.
      136.,       85.,      305.,      310.,       95.
      140.,       95.,      310.,      315.,      105.
      144.,      105.,      315.,      320.,      115.
      148.,      115.,      320.,      325.,      125.
      152.,      125.,      325.,      330.,      135.
      156.,      135.,      330.,      335.,      145.
      160.,      145.,      335.,      340.,      155.
      164.,      155.,      340.,      345.,      165.
      168.,      165.,      345.,      350.,      175.
      172.,      175.,      350.,      355.,      185.
      176.,      185.,      355.,      360.,      195.
      180.,      195.,      360.,      365.,      205.
      184.,      205.,      365.,      370.,      215.
      188.,      215.,      370.,      375.,      225.
      192.,      225.,      375.,      380.,      235.
      196.,      235.,      380.,      385.,      245.
      200.,      245.,      385.,      390.,      255.
      204.,      265.,      395.,      400.,      270.
      208.,      270.,      400.,      405.,      275.
      212.,      275.,      405.,      410.,      280.
      216.,      280.,      410.,      415.,      285.
      220.,      285.,      415.,      420.,      290.
      224.,      290.,      420.,      425.,      295.
      228.,      295.,      425.,      430.,      300.
      232.,      300.,      430.,      435.,      305.
      236.,      305.,      435.,      440.,      310.
      240.,      310.,      440.,      445.,      315.
      244.,      315.,      445.,      450.,      320.
      248.,      320.,      450.,      455.,      325.
      252.,      325.,      455.,      460.,      330.
      256.,      330.,      460.,      465.,      335.
      260.,      335.,      465.,      470.,      340.
      264.,      340.,      470.,      475.,      345.
      268.,      345.,      475.,      480.,      350.
      272.,      350.,      480.,      485.,      355.
      276.,      355.,      485.,      490.,      360.
      280.,      360.,      490.,      495.,      365.
      284.,      365.,      495.,      500.,      370.
      288.,      370.,      500.,      505.,      375.
      292.,      375.,      505.,      510.,      380.
      296.,      380.,      510.,      515.,      385.
      300.,      385.,      515.,      520.,      390.
      304.,      395.,      525.,      530.,      400.
      308.,      400.,      530.,      535.,      405.
      312.,      405.,      535.,      540.,      410.
      316.,      410.,      540.,      545.,      415.
      320.,      415.,      545.,      550.,      420.
      324.,      420.,      550.,      555.,      425.
      328.,      425.,      555.,      560.,      430.
      332.,      430.,      560.,      565.,      435.
      336.,      435.,      565.,      570.,      440.
      340.,      440.,      570.,      575.,      445.
      344.,      445.,      575.,      580.,      450.
      348.,      450.,      580.,      585.,      455.
      352.,      455.,      585.,      590.,      460.
      356.,      460.,      590.,      595.,      465.
      360.,      465.,      595.,      600.,      470.
      364.,      470.,      600.,      605.,      475.
      368.,      475.,      605.,      610.,      480.
      372.,      480.,      610.,      615.,      485.
      376.,      485.,      615.,      620.,      490.
      380.,      490.,      620.,      625.,      495.
      384.,      495.,      625.,      630.,      500.
      388.,      500.,      630.,      635.,      505.
      392.,      505.,      635.,      640.,      510.
      396.,      510.,      640.,      645.,      515.
      400.,      515.,      645.,      650.,      520.
      404.,      525.,      655.,      660.,      530.
      408.,      530.,      660.,      665.,      535.
      412.,      535.,      665.,      670.,      540.
      416.,      540.,      670.,      675.,      545.
      420.,      545.,      675.,      680.,      550.
      424.,      550.,      680.,      685.,      555.
      428.,      555.,      685.,      690.,      560.
      432.,      560.,      690.,      695.,      565.
      436.,      565.,      695.,      700.,      570.
      440.,      570.,      700.,      705.,      575.
      444.,      575.,      705.,      710.,      580.
      448.,      580.,      710.,      715.,      585.
      452.,      585.,      715.,      720.,      590.
      456.,      590.,      720.,      725.,      595.
      460.,      595.,      725.,      730.,      600.
      464.,      600.,      730.,      735.,      605.
      468.,      605.,      735.,      740.,      610.
      472.,      610.,      740.,      745.,      615.
      476.,      615.,      745.,      750.,      620.
      480.,      620.,      750.,      755.,      625.
      484.,      625.,      755.,      760.,      630.
      488.,      630.,      760.,      765.,      635.
      492.,      635.,      765.,      770.,      640.
      496.,      640.,      770.,      775.,      645.
      500.,      645.,      775.,      780.,      650.
      504.,      655.,      785.,      790.,      660.
      508.,      660.,      790.,      795.,      665.
      512.,      665.,      795.,      800.,      670.
      516.,      670.,      800.,      805.,      675.
      520.,      675.,      805.,      810.,      680.
      524.,      680.,      810.,      815.,      685.
      528.,      685.,      815.,      820.,      690.
      532.,      690.,      820.,      825.,      695.
      536.,      695.,      825.,      830.,      700.
      540.,      700.,      830.,      835.,      705.
      544.,      705.,      835.,      840.,      710.
      548.,      710.,      840.,      845.,      715.
      552.,      715.,      845.,      850.,      720.
      556.,      720.,      850.,      855.,      725.
      560.,      725.,      855.,      860.,      730.
      564.,      730.,      860.,      865.,      735.
      568.,      735.,      865.,      870.,      740.
      572.,      740.,      870.,      875.,      745.
      576.,      745.,      875.,      880.,      750.
      580.,      750.,      880.,      885.,      755.
      584.,      755.,      885.,      890.,      760.
      588.,      760.,      890.,      895.,      765.
      592.,      765.,      895.,      900.,      770.
      596.,      770.,      900.,      905.,      775.
      600.,      775.,      905.,      910.,      780.
      604.,      785.,      915.,      920.,      790.
      608.,      790.,      920.,      925.,      795.
      612.,      795.,      925.,      930.,      800.
      616.,      800.,      930.,      935.,      805.
      620.,      805.,      935.,      940.,      810.
      624.,      810.,      940.,      945.,      815.
      628.,      815.,      945.,      950.,      820.
      632.,      820.,      950.,      955.,      825.
      636.,      825.,      955.,      960.,      830.
      640.,      830.,      960.,      965.,      835.
      644.,      835.,      965.,      970.,      840.
      648.,      840.,      970.,      975.,      845.
      652.,      845.,      975.,      980.,      850.
      656.,      850.,      980.,      985.,      855.
      660.,      855.,      985.,      990.,      860.
      664.,      860.,      990.,      995.,      865.
      668.,      865.,      995.,     1000.,      870.
      672.,      870.,     1000.,     1005.,      875.
      676.,      875.,     1005.,     1010.,      880.
      680.,      880.,     1010.,     1015.,      885.
      684.,      885.,     1015.,     1020.,      890.
      688.,      890.,     1020.,     1025.,      895.
      692.,      895.,     1025.,     1030.,      900.
      696.,      900.,     1030.,     1035.,      905.
      700.,      905.,     1035.,     1040.,      910.
      704.,      915.,     1045.,     1050.,      920.
      708.,      920.,     1050.,     1055.,      925.
      712.,      925.,     1055.,     1060.,      930.
      716.,      930.,     1060.,     1065.,      935.
      720.,      935.,     1065.,     1070.,      940.
      724.,      940.,     1070.,     1075.,      945.
      728.,      945.,     1075.,     1080.,      950.
      732.,      950.,     1080.,     1085.,      955.
      736.,      955.,     1085.,     1090.,      960.
      740.,      960.,     1090.,     1095.,      965.
      744.,      965.,     1095.,     1100.,      970.
      748.,      970.,     1100.,     1105.,      975.
      752.,      975.,     1105.,     1110.,      980.
      756.,      980.,     1110.,     1115.,      985.
      760.,      985.,     1115.,     1120.,      990.
      764.,      990.,     1120.,     1125.,      995.
      768.,      995.,     1125.,     1130.,     1000.
      772.,     1000.,     1130.,     1135.,     1005.
      776.,     1005.,     1135.,     1140.,     1010.
      780.,     1010.,     1140.,     1145.,     1015.
      784.,     1015.,     1145.,     1150.,     1020.
      788.,     1020.,     1150.,     1155.,     1025.
      792.,     1025.,     1155.,     1160.,     1030.
      796.,     1030.,     1160.,     1165.,     1035.
      800.,     1035.,     1165.,     1170.,     1040.
      804.,     1045.,     1175.,     1180.,     1050.
      808.,     1050.,     1180.,     1185.,     1055.
      812.,     1055.,     1185.,     1190.,     1060.
      816.,     1060.,     1190.,     1195.,     1065.
      820.,     1065.,     1195.,     1200.,     1070.
      824.,     1070.,     1200.,     1205.,     1075.
      828.,     1075.,     1205.,     1210.,     1080.
      832.,     1080.,     1210.,     1215.,     1085.
      836.,     1085.,     1215.,     1220.,     1090.
      840.,     1090.,     1220.,     1225.,     1095.
      844.,     1095.,     1225.,     1230.,     1100.
      848.,     1100.,     1230.,     1235.,     1105.
      852.,     1105.,     1235.,     1240.,     1110.
      856.,     1110.,     1240.,     1245.,     1115.
      860.,     1115.,     1245.,     1250.,     1120.
      864.,     1120.,     1250.,     1255.,     1125.
      868.,     1125.,     1255.,     1260.,     1130.
      872.,     1130.,     1260.,     1265.,     1135.
      876.,     1135.,     1265.,     1270.,     1140.
      880.,     1140.,     1270.,     1275.,     1145.
      884.,     1145.,     1275.,     1280.,     1150.
      888.,     1150.,     1280.,     1285.,     1155.
      892.,     1155.,     1285.,     1290.,     1160.
      896.,     1160.,     1290.,     1295.,     1165.
      900.,     1165.,     1295.,     1300.,     1170.
      904.,     1175.,     1305.,     1310.,     1180.
      908.,     1180.,     1310.,     1315.,     1185.
      912.,     1185.,     1315.,     1320.,     1190.
      916.,     1190.,     1320.,     1325.,     1195.
      920.,     1195.,     1325.,     1330.,     1200.
      924.,     1200.,     1330.,     1335.,     1205.
      928.,     1205.,     1335.,     1340.,     1210.
      932.,     1210.,     1340.,     1345.,     1215.
      936.,     1215.,     1345.,     1350.,     1220.
      940.,     1220.,     1350.,     1355.,     1225.
      944.,     1225.,     1355.,     1360.,     1230.
      948.,     1230.,     1360.,     1365.,     1235.
      952.,     1235.,     1365.,     1370.,     1240.
      956.,     1240.,     1370.,     1375.,     1245.
      960.,     1245.,     1375.,     1380.,     1250.
      964.,     1250.,     1380.,     1385.,     1255.
      968.,     1255.,     1385.,     1390.,     1260.
      972.,     1260.,     1390.,     1395.,     1265.
      976.,     1265.,     1395.,     1400.,     1270.
      980.,     1270.,     1400.,     1405.,     1275.
      984.,     1275.,     1405.,     1410.,     1280.
      988.,     1280.,     1410.,     1415.,     1285.
      992.,     1285.,     1415.,     1420.,     1290.
      996.,     1290.,     1420.,     1425.,     1295.
     1000.,     1295.,     1425.,     1430.,     1300.
     1004.,     1305.,     1435.,     1440.,     1310.
     1008.,     1310.,     1440.,     1445.,     1315.
     1012.,     1315.,     1445.,     1450.,     1320.
     1016.,     1320.,     1450.,     1455.,     1325.
     1020.,     1325.,     1455.,     1460.,     1330.
     1024.,     1330.,     1460.,     1465.,     1335.
     1028.,     1335.,     1465.,     1470.,     1340.
     1032.,     1340.,     1470.,     1475.,     1345.
     1036.,     1345.,     1475.,     1480.,     1350.
     1040.,     1350.,     1480.,     1485.,     1355.
     1044.,     1355.,     1485.,     1490.,     1360.
     1048.,     1360.,     1490.,     1495.,     1365.
     1052.,     1365.,     1495.,     1500.,     1370.
     1056.,     1370.,     1500.,     1505.,     1375.
     1060.,     1375.,     1505.,     1510.,     1380.
     1064.,     1380.,     1510.,     1515.,     1385.
     1068.,     1385.,     1515.,     1520.,     1390.
     1072.,     1390.,     1520.,     1525.,     1395.
     1076.,     1395.,     1525.,     1530.,     1400.
     1080.,     1400.,     1530.,     1535.,     1405.
     1084.,     1405.,     1535.,     1540.,     1410.
     1088.,     1410.,     1540.,     1545.,     1415.
     1092.,     1415.,     1545.,     1550.,     1420.
     1096.,     1420.,     1550.,     1555.,     1425.
     1100.,     1425.,     1555.,     1560.,     1430.
     1104.,     1435.,     1565.,     1570.,     1440.
     1108.,     1440.,     1570.,     1575.,     1445.
     1112.,     1445.,     1575.,     1580.,     1450.
     1116.,     1450.,     1580.,     1585.,     1455.
     1120.,     1455.,     1585.,     1590.,     1460.
     1124.,     1460.,     1590.,     1595.,     1465.
     1128.,     1465.,     1595.,     1600.,     1470.
     1132.,     1470.,     1600.,     1605.,     1475.
     1136.,     1475.,     1605.,     1610.,     1480.
     1140.,     1480.,     1610.,     1615.,     1485.
     1144.,     1485.,     1615.,     1620.,     1490.
     1148.,     1490.,     1620.,     1625.,     1495.
     1152.,     1495.,     1625.,     1630.,     1500.
     1156.,     1500.,     1630.,     1635.,     1505.
     1160.,     1505.,     1635.,     1640.,     1510.
     1164.,     1510.,     1640.,     1645.,     1515.
     1168.,     1515.,     1645.,     1650.,     1520.
     1172.,     1520.,     1650.,     1655.,     1525.
     1176.,     1525.,     1655.,     1660.,     1530.
     1180.,     1530.,     1660.,     1665.,     1535.
     1184.,     1535.,     1665.,     1670.,     1540.
     1188.,     1540.,     1670.,     1675.,     1545.
     1192.,     1545.,     1675.,     1680.,     1550.
     1196.,     1550.,     1680.,     1685.,     1555.
     1200.,     1555.,     1685.,     1690.,     1560.
     1204.,     1565.,     1695.,     1700.,     1570.
     1208.,     1570.,     1700.,     1705.,     1575.
     1212.,     1575.,     1705.,     1710.,     1580.
     1216.,     1580.,     1710.,     1715.,     1585.
     1220.,     1585.,     1715.,     1720.,     1590.
     1224.,     1590.,     1720.,     1725.,     1595.
     1228.,     1595.,     1725.,     1730.,     1600.
     1232.,     1600.,     1730.,     1735.,     1605.
     1236.,     1605.,     1735.,     1740.,     1610.
     1240.,     1610.,     1740.,     1745.,     1615.
     1244.,     1615.,     1745.,     1750.,     1620.
     1248.,     1620.,     1750.,     1755.,     1625.
     1252.,     1625.,     1755.,     1760.,     1630.
     1256.,     1630.,     1760.,     1765.,     1635.
     1260.,     1635.,     1765.,     1770.,     1640.
     1264.,     1640.,     1770.,     1775.,     1645.
     1268.,     1645.,     1775.,     1780.,     1650.
     1272.,     1650.,     1780.,     1785.,     1655.
     1276.,     1655.,     1785.,     1790.,     1660.
     1280.,     1660.,     1790.,     1795.,     1665.
     1284.,     1665.,     1795.,     1800.,     1670.
     1288.,     1670.,     1800.,     1805.,     1675.
     1292.,     1675.,     1805.,     1810.,     1680.
     1296.,     1680.,     1810.,     1815.,     1685.
     1300.,     1685.,     1815.,     1820.,     1690.
     1304.,     1695.,     1825.,     1830.,     1700.
     1308.,     1700.,     1830.,     1835.,     1705.
     1312.,     1705.,     1835.,     1840.,     1710.
     1316.,     1710.,     1840.,     1845.,     1715.
     1320.,     1715.,     1845.,     1850.,     1720.
     1324.,     1720.,     1850.,     1855.,     1725.
     1328.,     1725.,     1855.,     1860.,     1730.
     1332.,     1730.,     1860.,     1865.,     1735.
     1336.,     1735.,     1865.,     1870.,     1740.
     1340.,     1740.,     1870.,     1875.,     1745.
     1344.,     1745.,     1875.,     1880.,     1750.
     1348.,     1750.,     1880.,     1885.,     1755.
     1352.,     1755.,     1885.,     1890.,     1760.
     1356.,     1760.,     1890.,     1895.,     1765.
     1360.,     1765.,     1895.,     1900.,     1770.
     1364.,     1770.,     1900.,     1905.,     1775.
     1368.,     1775.,     1905.,     1910.,     1780.
     1372.,     1780.,     1910.,     1915.,     1785.
     1376.,     1785.,     1915.,     1920.,     1790.
     1380.,     1790.,     1920.,     1925.,     1795.
     1384.,     1795.,     1925.,     1930.,     1800.
     1388.,     1800.,     1930.,     1935.,     1805.
     1392.,     1805.,     1935.,     1940.,     1810.
     1396.,     1810.,     1940.,     1945.,     1815.
     1400.,     1815.,     1945.,     1950.,     1820.
