1,15.6085,55.1099,-200
2,3.80499,31.6282,-200
3,-7.99856,8.14651,-200
4,-19.8021,-15.3352,-200
5,-31.6057,-38.8169,-200
6,15.6085,55.1099,-175
7,3.86189,31.5996,-175
8,-7.88477,8.08931,-175
9,-19.6314,-15.421,-175
10,-31.3781,-38.9312,-175
11,-3.63835,64.7847,-175
12,-15.3817,41.2728,-175
13,-27.125,17.7608,-175
14,-38.8683,-5.75116,-175
15,-50.6116,-29.2631,-175
16,-3.63835,64.7847,-200
17,-15.4419,41.303,-200
18,-27.2455,17.8214,-200
19,-39.049,-5.66032,-200
20,-50.8526,-29.142,-200
21,15.6085,55.1099,-150
22,3.91878,31.571,-150
23,-7.77098,8.03212,-150
24,-19.4607,-15.5068,-150
25,-31.1505,-39.0456,-150
26,-3.63835,64.7847,-150
27,-15.3214,41.2425,-150
28,-27.0045,17.7002,-150
29,-38.6876,-5.84201,-150
30,-50.3706,-29.3843,-150
31,16.2337,42.5273,-133.333
32,6.94977,23.8533,-133.333
33,-2.33413,5.17927,-133.333
34,-11.618,-13.4948,-133.333
35,-20.9019,-32.1688,-133.334
36,-2.3305,51.8429,-133.333
37,-11.6099,33.1667,-133.333
38,-20.8894,14.4904,-133.333
39,-30.1688,-4.18583,-133.333
40,-39.4482,-22.8621,-133.333
41,16.8585,29.9442,-116.666
42,9.98044,16.135,-116.666
43,3.10243,2.32586,-116.667
44,-3.77559,-11.4833,-116.667
45,-10.6536,-25.2924,-116.667
46,-1.02266,38.9011,-116.667
47,-7.89844,25.0909,-116.667
48,-14.7742,11.2806,-116.667
49,-21.65,-2.52965,-116.667
50,-28.5258,-16.3399,-116.667
51,17.483,17.3604,-100
52,13.0109,8.41618,-100
53,8.53872,-0.528095,-100
54,4.06659,-9.47237,-100
55,-0.405551,-18.4166,-100
56,0.285192,25.9594,-100
57,-4.18694,17.0151,-100
58,-8.65908,8.07081,-100
59,-13.1312,-0.873466,-100
60,-17.6034,-9.81774,-100
61,18.112,18.4794,-83.0743
62,14.8516,10.362,-83.4386
63,11.5913,2.24463,-83.8029
64,8.33098,-5.87275,-84.1672
65,5.07066,-13.9901,-84.5315
66,0.0642706,25.5723,-83.1256
67,-3.07931,17.4969,-83.37
68,-6.22288,9.4215,-83.6143
69,-9.36646,1.34609,-83.8586
70,-12.51,-6.72932,-84.1029
71,18.7173,19.7769,-66.2871
72,16.4047,12.2839,-66.8668
73,14.092,4.79088,-67.4466
74,11.7794,-2.70214,-68.0264
75,9.4667,-10.1952,-68.6062
76,-0.0672644,25.3419,-66.2475
77,-2.16107,17.9131,-66.6329
78,-4.25488,10.4843,-67.0183
79,-6.34868,3.05555,-67.4037
80,-8.44249,-4.37322,-67.7892
81,19.2113,21.2198,-49.5438
82,17.6268,14.16,-50.2399
83,16.0424,7.10019,-50.9359
84,14.458,0.0403947,-51.632
85,12.8735,-7.0194,-52.328
86,-0.10916,25.2685,-49.3674
87,-1.40687,18.2888,-49.824
88,-2.70457,11.309,-50.2805
89,-4.00228,4.3293,-50.737
90,-5.29999,-2.65042,-51.1936
91,19.6721,22.7279,-32.8377
92,18.6116,15.9395,-33.5756
93,17.5512,9.15104,-34.3135
94,16.4908,2.36262,-35.0515
95,15.4303,-4.42581,-35.7894
96,-0.0611558,25.3526,-32.4875
97,-0.784915,18.6533,-32.9707
98,-1.50867,11.9541,-33.4539
99,-2.23243,5.25486,-33.9372
100,-2.95619,-1.44438,-34.4204
101,20.1241,24.2599,-16.1471
102,19.4145,17.6078,-16.8839
103,18.705,10.9557,-17.6208
104,17.9955,4.30353,-18.3576
105,17.286,-2.3486,-19.0945
106,0.0769978,25.5946,-15.6095
107,-0.260456,19.0382,-16.0932
108,-0.59791,12.4818,-16.5768
109,-0.935363,5.92543,-17.0604
110,-1.27282,-0.630971,-17.544
111,20.5315,25.7875,0.54852
112,20.0455,19.1675,-0.160726
113,19.5595,12.5476,-0.869972
114,19.0735,5.92768,-1.57922
115,18.5875,-0.69225,-2.28846
116,0.305543,25.995,1.2644
117,0.201899,19.475,0.795126
118,0.0982541,12.9551,0.325849
119,-0.00539023,6.43508,-0.143429
120,-0.109035,-0.084899,-0.612706
121,20.9582,27.2874,17.2361
122,20.5775,20.6298,16.5891
123,20.1967,13.9722,15.942
124,19.8159,7.31462,15.295
125,19.4351,0.657039,14.6479
126,0.624718,26.5542,18.1324
127,0.637748,19.9958,17.6855
128,0.650777,13.4374,17.2387
129,0.663807,6.87896,16.7919
130,0.676837,0.320552,16.345
131,21.416,28.7628,33.8664
132,21.076,22.0295,33.3141
133,20.7361,15.2963,32.7618
134,20.3961,8.56306,32.2095
135,20.0562,1.82983,31.6573
136,1.03474,27.2725,34.9923
137,1.08156,20.6317,34.5723
138,1.12838,13.991,34.1523
139,1.1752,7.35027,33.7323
140,1.22202,0.709539,33.3123
141,21.9564,30.2439,50.5515
142,21.6016,23.4142,50.0754
143,21.2469,16.5845,49.5994
144,20.8921,9.75479,49.1234
145,20.5374,2.9251,48.6474
146,1.53549,28.1498,51.8423
147,1.55671,21.4042,51.4522
148,1.57792,14.6587,51.0621
149,1.59913,7.91315,50.672
150,1.62035,1.16762,50.2819
151,22.5498,31.7378,67.2939
152,22.1298,24.8004,66.875
153,21.7097,17.863,66.4562
154,21.2897,10.9256,66.0373
155,20.8696,3.98816,65.6185
156,2.12678,29.1856,68.6805
157,2.07378,22.3225,68.323
158,2.02078,15.4594,67.9654
159,1.96778,8.59634,67.6079
160,1.91478,1.73323,67.2504
161,23.2822,33.2694,84.0656
162,22.7444,26.219,83.6945
163,22.2065,19.1685,83.3233
164,21.6687,12.118,82.9521
165,21.1309,5.06755,82.5809
166,2.80855,30.38,85.5048
167,2.6431,23.3957,85.1822
168,2.47764,16.4114,84.8596
169,2.31219,9.42716,84.5371
170,2.14674,2.44287,84.2145
171,24.1395,34.8353,100.77
172,23.4499,27.679,100.454
173,22.7602,20.5228,100.138
174,22.0706,13.3665,99.8227
175,21.381,6.21029,99.507
176,3.58084,31.733,102.313
177,3.276,24.6338,102.027
178,2.97116,17.5345,101.742
179,2.66632,10.4352,101.456
180,2.36148,3.33598,101.17
181,25.156,36.4649,117.452
182,24.2888,29.2095,117.194
183,23.4216,21.9541,116.936
184,22.5544,14.6987,116.678
185,21.6872,7.44324,116.42
186,4.44346,33.2442,119.104
187,3.97968,26.0412,118.856
188,3.5159,18.8382,118.609
189,3.05211,11.6351,118.362
190,2.58833,4.43211,118.114
191,26.1311,38.1289,134.233
192,25.0858,30.79,134.004
193,24.0406,23.4511,133.775
194,22.9954,16.1123,133.546
195,21.9502,8.77339,133.317
196,5.3963,34.9135,135.874
197,4.75657,27.62,135.667
198,4.11685,20.3265,135.459
199,3.47712,13.0331,135.251
200,2.8374,5.73957,135.043
201,27.2818,39.8731,150.962
202,26.0335,32.4612,150.774
203,24.7853,25.0493,150.586
204,23.537,17.6374,150.398
205,22.2887,10.2255,150.211
206,6.43898,36.7402,152.623
207,5.61239,29.3725,152.456
208,4.78579,22.0047,152.288
209,3.9592,14.637,152.12
210,3.13261,7.26923,151.953
211,28.431,41.673,167.824
212,26.9879,34.2083,167.66
213,25.5448,26.7436,167.497
214,24.1017,19.2789,167.333
215,22.6587,11.8142,167.169
216,7.57123,38.7238,169.348
217,6.55361,31.3015,169.221
218,5.53598,23.8792,169.093
219,4.51835,16.457,168.965
220,3.50073,9.03469,168.837
221,29.6427,43.5252,184.579
222,28.0224,36.0313,184.455
223,26.402,28.5374,184.331
224,24.7817,21.0435,184.208
225,23.1614,13.5496,184.084
226,8.79274,40.8638,186.048
227,7.58291,33.4075,185.959
228,6.37308,25.9512,185.871
229,5.16326,18.4949,185.782
230,3.95343,11.0386,185.693
231,31.0053,45.4579,201.313
232,29.2024,37.9544,201.234
233,27.3994,30.4508,201.155
234,25.5965,22.9472,201.077
235,23.7936,15.4436,200.998
236,10.1032,43.1595,202.72
237,8.70484,35.6912,202.669
238,7.30651,28.223,202.618
239,5.90817,20.7547,202.566
240,4.50984,13.2864,202.515
241,32.4337,47.4566,218.021
242,30.4569,39.9646,217.976
243,28.4801,32.4725,217.932
244,26.5032,24.9804,217.887
245,24.5264,17.4884,217.843
246,11.5021,45.6103,219.363
247,9.92348,38.153,219.347
248,8.34483,30.6957,219.331
249,6.76618,23.2384,219.314
250,5.18754,15.7811,219.298
251,33.9328,49.5259,234.672
252,31.7973,42.0684,234.666
253,29.6618,34.6109,234.659
254,27.5263,27.1534,234.653
255,25.3908,19.6959,234.646
256,12.9892,48.2155,235.975
257,11.2422,40.7921,235.99
258,9.49526,33.3687,236.006
259,7.74831,25.9453,236.021
260,6.00136,18.5219,236.037
261,35.4911,51.669,251.292
262,33.2028,44.2676,251.319
263,30.9146,36.8662,251.346
264,28.6263,29.4649,251.373
265,26.338,22.0635,251.4
266,14.5639,50.9742,252.553
267,12.6644,43.6074,252.596
268,10.765,36.2407,252.639
269,8.86563,28.8739,252.682
270,6.96622,21.5071,252.725
271,37.1381,53.8912,267.882
272,34.7024,46.5685,267.938
273,32.2666,39.2458,267.994
274,29.8308,31.9231,268.05
275,27.3951,24.6005,268.106
276,16.2258,53.8857,269.097
277,14.1912,46.5976,269.163
278,12.1566,39.3094,269.228
279,10.122,32.0213,269.294
280,8.08745,24.7331,269.359
281,38.8196,56.1999,284.483
282,36.2659,48.9779,284.554
283,33.7121,41.7558,284.626
284,31.1584,34.5337,284.697
285,28.6046,27.3117,284.769
286,17.9744,56.9491,285.605
287,15.8253,49.7603,285.687
288,13.6763,42.5715,285.769
289,11.5272,35.3826,285.851
290,9.37813,28.1938,285.933
291,40.5916,58.5945,301.051
292,37.947,51.4943,301.135
293,35.3024,44.3941,301.218
294,32.6578,37.2939,301.302
295,30.0132,30.1937,301.385
296,19.8092,60.1635,302.074
297,17.5678,53.0931,302.167
298,15.3265,46.0227,302.259
299,13.0852,38.9523,302.351
300,10.8438,31.882,302.443
301,42.3855,61.083,317.59
302,39.67,54.1246,317.674
303,36.9546,47.1663,317.757
304,34.2391,40.2079,317.841
305,31.5237,33.2496,317.924
306,21.7296,63.5279,318.504
307,19.4194,56.5933,318.599
308,17.1092,49.6587,318.695
309,14.7991,42.7241,318.79
310,12.4889,35.7895,318.886
311,44.2487,63.6711,334.109
312,41.4996,56.8711,334.184
313,38.7505,50.0711,334.259
314,36.0014,43.2711,334.334
315,33.2523,36.4711,334.409
316,23.7351,67.0414,334.892
317,21.3804,60.2577,334.984
318,19.0257,53.474,335.075
319,16.6711,46.6902,335.167
320,14.3164,39.9065,335.258
321,46.1319,66.3711,350.597
322,43.3608,59.7495,350.657
323,40.5897,53.1278,350.718
324,37.8185,46.5061,350.778
325,35.0474,39.8844,350.839
326,25.8252,70.7029,351.238
327,23.4507,64.0833,351.317
328,21.0762,57.4637,351.397
329,18.7017,50.8441,351.477
330,16.3272,44.2245,351.557
331,48.0274,69.1973,367.05
332,45.2607,62.7699,367.088
333,42.494,56.3425,367.127
334,39.7273,49.9152,367.165
335,36.9605,43.4878,367.204
336,27.9991,74.5114,367.538
337,25.6295,68.066,367.599
338,23.26,61.6206,367.66
339,20.8904,55.1752,367.721
340,18.5209,48.7298,367.782
341,49.9618,72.1595,383.481
342,47.227,65.9438,383.504
343,44.4923,59.728,383.526
344,41.7575,53.5122,383.549
345,39.0227,47.2965,383.571
346,30.2562,78.4657,383.793
347,27.9161,72.2031,383.827
348,25.576,65.9405,383.861
349,23.2359,59.6778,383.895
350,20.8958,53.4152,383.929
351,51.847,75.3328,400
352,49.2009,69.3301,400
353,46.5548,63.3274,400
354,43.9087,57.3247,400
355,41.2626,51.322,400
356,32.596,82.5649,400
357,30.3094,76.4908,400
358,28.0227,70.4167,400
359,25.7361,64.3427,400
360,23.4494,58.2686,400
361,34.8554,45.435,-200
362,23.0519,21.9533,-200
363,11.2483,-1.52834,-200
364,-0.55522,-25.01,-200
365,-12.3588,-48.4917,-200
366,34.8554,45.435,-175
367,23.1054,21.9264,-175
368,11.3554,-1.58217,-175
369,-0.394573,-25.0908,-175
370,-12.1446,-48.5994,-175
371,34.8554,45.435,-150
372,23.159,21.8995,-150
373,11.4625,-1.63601,-150
374,-0.233929,-25.1715,-150
375,-11.9304,-48.707,-150
376,34.7977,33.2116,-133.333
377,25.5094,14.5398,-133.333
378,16.221,-4.13201,-133.333
379,6.93266,-22.8038,-133.334
380,-2.3557,-41.4756,-133.334
381,34.7395,20.987,-116.666
382,27.8593,7.17901,-116.666
383,20.979,-6.62897,-116.667
384,14.0988,-20.4369,-116.667
385,7.21858,-34.2449,-116.667
386,34.6808,8.76155,-100
387,30.2087,-0.182723,-100
388,25.7365,-9.127,-100
389,21.2644,-18.0713,-100
390,16.7923,-27.0155,-100
391,35.9523,11.5015,-83.1941
392,32.605,3.27822,-83.6552
393,29.2577,-4.94506,-84.1163
394,25.9103,-13.1683,-84.5773
395,22.563,-21.3916,-85.0384
396,37.3202,14.3209,-66.5255
397,34.8127,6.66547,-67.2819
398,32.3052,-0.989923,-68.0383
399,29.7977,-8.64531,-68.7947
400,27.2903,-16.3007,-69.5511
401,38.437,17.24,-50.0134
402,36.5785,9.98512,-50.9125
403,34.72,2.73019,-51.8116
404,32.8614,-4.52474,-52.7108
405,31.0029,-11.7797,-53.6099
406,39.366,20.1473,-33.5564
407,37.9803,13.1445,-34.4931
408,36.5947,6.14172,-35.4298
409,35.2091,-0.861078,-36.3664
410,33.8235,-7.86387,-37.3031
411,40.1461,22.9601,-17.1054
412,39.0842,16.0821,-18.0166
413,38.0223,9.20403,-18.9278
414,36.9605,2.32597,-19.8389
415,35.8986,-4.55208,-20.7501
416,40.8228,25.6135,-0.642458
417,39.9664,18.7627,-1.48158
418,39.1099,11.9119,-2.3207
419,38.2535,5.06114,-3.15983
420,37.397,-1.78965,-3.99895
421,41.4184,28.0675,15.8167
422,40.6552,21.179,15.0936
423,39.892,14.2906,14.3704
424,39.1288,7.4021,13.6472
425,38.3656,0.513642,12.9241
426,41.9819,30.3353,32.3209
427,41.2493,23.3715,31.733
428,40.5166,16.4076,31.145
429,39.7839,9.44381,30.557
430,39.0513,2.47999,29.9691
431,42.6041,32.4544,48.9107
432,41.8595,25.3952,48.4139
433,41.1148,18.336,47.9171
434,40.3701,11.2768,47.4203
435,39.6255,4.21761,46.9235
436,43.2968,34.4499,65.5628
437,42.4775,27.2866,65.1619
438,41.6582,20.1234,64.7611
439,40.8389,12.9602,64.3602
440,40.0196,5.79691,63.9593
441,44.1093,36.3492,82.2734
442,43.1748,29.0792,81.9542
443,42.2403,21.8092,81.635
444,41.3057,14.5392,81.3158
445,40.3712,7.26927,80.9966
446,44.9943,38.1668,99.0167
447,43.9218,30.7941,98.7446
448,42.8492,23.4214,98.4725
449,41.7766,16.0487,98.2004
450,40.704,8.67595,97.9283
451,46.0676,39.9278,115.714
452,44.8216,32.4631,115.509
453,43.5756,24.9983,115.303
454,42.3296,17.5336,115.098
455,41.0836,10.0688,114.892
456,47.1041,41.6152,132.428
457,45.6712,34.0713,132.271
458,44.2383,26.5273,132.115
459,42.8054,18.9833,131.958
460,41.3725,11.4394,131.801
461,48.2437,43.2723,149.236
462,46.6068,35.661,149.114
463,44.9699,28.0498,148.992
464,43.333,20.4386,148.87
465,41.6961,12.8273,148.748
466,49.4837,44.9028,166.113
467,47.635,37.2402,166.014
468,45.7863,29.5775,165.914
469,43.9376,21.9149,165.814
470,42.0889,14.2522,165.715
471,50.7007,46.4812,182.915
472,48.6801,38.7939,182.859
473,46.6594,31.1067,182.804
474,44.6388,23.4195,182.748
475,42.6181,15.7323,182.692
476,52.1458,48.0617,199.7
477,49.9313,40.3649,199.682
478,47.7169,32.668,199.665
479,45.5024,24.9711,199.648
480,43.288,17.2742,199.63
481,53.573,49.6114,216.456
482,51.1879,41.9281,216.468
483,48.8027,34.2448,216.479
484,46.4176,26.5615,216.491
485,44.0325,18.8782,216.502
486,55.0739,51.1522,233.198
487,52.5196,43.5023,233.229
488,49.9653,35.8525,233.259
489,47.4111,28.2026,233.289
490,44.8568,20.5527,233.319
491,56.6126,52.6876,249.924
492,53.899,45.0958,249.976
493,51.1853,37.504,250.029
494,48.4717,29.9121,250.082
495,45.7581,22.3203,250.134
496,58.2164,54.2236,266.597
497,55.351,46.7141,266.678
498,52.4855,39.2046,266.76
499,49.62,31.695,266.841
500,46.7546,24.1855,266.922
501,59.8176,55.7748,283.307
502,56.8313,48.3711,283.395
503,53.8449,40.9674,283.483
504,50.8585,33.5636,283.57
505,47.8721,26.1599,283.658
506,61.4926,57.3469,300.003
507,58.4051,50.0726,300.093
508,55.3176,42.7984,300.182
509,52.2301,35.5241,300.271
510,49.1425,28.2499,300.36
511,63.1375,58.9543,316.674
512,59.9772,51.833,316.754
513,56.8168,44.7117,316.833
514,53.6564,37.5904,316.912
515,50.496,30.4691,316.992
516,64.8136,60.608,333.314
517,61.6165,53.6606,333.38
518,58.4193,46.7131,333.446
519,55.2222,39.7657,333.512
520,52.025,32.8183,333.577
521,66.4643,62.335,349.948
522,63.2367,55.5884,349.995
523,60.0091,48.8418,350.041
524,56.7814,42.0951,350.088
525,53.5538,35.3485,350.135
526,68.086,64.1624,366.588
527,64.8591,57.6382,366.61
528,61.6323,51.1141,366.632
529,58.4054,44.5899,366.654
530,55.1786,38.0658,366.676
531,69.6675,66.1239,383.252
532,66.4882,59.8411,383.263
533,63.3089,53.5584,383.274
534,60.1296,47.2756,383.285
535,56.9503,40.9928,383.296
536,71.1648,68.28,400
537,68.1157,62.2367,400
538,65.0667,56.1934,400
539,62.0177,50.1501,400
540,58.9687,44.1068,400
541,54.1023,35.7602,-200
542,42.2988,12.2785,-200
543,30.4952,-11.2032,-200
544,18.6917,-34.6849,-200
545,6.88812,-58.1666,-200
546,54.1023,35.7602,-175
547,42.349,12.2533,-175
548,30.5956,-11.2537,-175
549,18.8423,-34.7606,-175
550,7.08893,-58.2675,-175
551,54.1023,35.7602,-150
552,42.3992,12.228,-150
553,30.696,-11.3041,-150
554,18.9929,-34.8363,-150
555,7.28974,-58.3684,-150
556,53.3617,23.8955,-133.332
557,44.0689,5.22603,-133.333
558,34.7761,-13.4435,-133.333
559,25.4833,-32.113,-133.334
560,16.1905,-50.7824,-133.334
561,52.6205,12.0297,-116.666
562,45.738,-1.7771,-116.666
563,38.8556,-15.5839,-116.667
564,31.9731,-29.3907,-116.667
565,25.0907,-43.1976,-116.668
566,51.8786,0.162649,-100
567,47.4065,-8.78162,-100
568,42.9343,-17.7259,-100
569,38.4622,-26.6702,-100
570,33.9901,-35.6144,-100
571,53.7271,4.42407,-83.5397
572,50.2839,-3.92125,-84.048
573,46.8407,-12.2666,-84.5562
574,43.3974,-20.6119,-85.0645
575,39.9542,-28.9572,-85.5727
576,55.7378,8.68916,-67.1469
577,53.0457,0.831494,-67.9969
578,50.3537,-7.02617,-68.8469
579,47.6617,-14.8838,-69.6969
580,44.9697,-22.7415,-70.5469
581,57.4532,12.9956,-50.8836
582,55.3451,5.48938,-51.9029
583,53.2369,-2.01681,-52.9221
584,51.1288,-9.52299,-53.9414
585,49.0206,-17.0292,-54.9607
586,58.8954,17.219,-34.6714
587,57.2132,9.93856,-35.7279
588,55.531,2.65813,-36.7844
589,53.8488,-4.6223,-37.8409
590,52.1666,-11.9027,-38.8975
591,60.1058,21.2546,-18.448
592,58.713,14.0858,-19.4546
593,57.3202,6.91701,-20.4612
594,55.9274,-0.251805,-21.4678
595,54.5347,-7.42062,-22.4744
596,61.087,25.0149,-2.18261
597,59.882,17.8657,-3.08158
598,58.6769,10.7166,-3.98055
599,57.4719,3.56744,-4.87953
600,56.2668,-3.58171,-5.7785
601,61.9475,28.4338,14.1435
602,60.8172,21.2407,13.3849
603,59.687,14.0477,12.6262
604,58.5567,6.85462,11.8675
605,57.4265,-0.338427,11.1088
606,62.7434,31.521,30.5504
607,61.6134,24.2452,29.9441
608,60.4834,16.9694,29.3378
609,59.3534,9.69356,28.7315
610,58.2234,2.41775,28.1252
611,63.5119,34.3167,47.1046
612,62.3489,26.9398,46.6169
613,61.1859,19.5628,46.1292
614,60.023,12.1859,45.6415
615,58.86,4.80895,45.1538
616,64.2825,36.8439,63.7414
617,63.0453,29.3603,63.3623
618,61.8081,21.8766,62.9833
619,60.571,14.3929,62.6042
620,59.3338,6.90923,62.2252
621,65.1121,39.1335,80.4239
622,63.7831,31.5456,80.1533
623,62.4542,23.9577,79.8827
624,61.1253,16.3697,79.6121
625,59.7963,8.78181,79.3416
626,66.0593,41.2187,97.1248
627,64.5988,33.5321,96.9387
628,63.1382,25.8454,96.7525
629,61.6777,18.1588,96.5664
630,60.2172,10.4722,96.3803
631,67.1742,43.1319,113.856
632,65.5409,35.3537,113.731
633,63.9075,27.5754,113.606
634,62.2741,19.7972,113.48
635,60.6408,12.019,113.355
636,68.257,44.8679,130.601
637,66.4226,37.0111,130.53
638,64.5882,29.1543,130.458
639,62.7538,21.2976,130.387
640,60.9194,13.4408,130.316
641,69.3942,46.4534,147.458
642,67.3581,38.5342,147.415
643,65.3219,30.6151,147.372
644,63.2858,22.696,147.329
645,61.2497,14.7768,147.286
646,70.6477,47.9151,164.362
647,68.393,39.9478,164.343
648,66.1383,31.9805,164.324
649,63.8837,24.0132,164.305
650,61.629,16.0459,164.285
651,71.9029,49.2409,181.232
652,69.4703,41.25,181.251
653,67.0377,33.259,181.269
654,64.6051,25.2681,181.287
655,62.1726,17.2771,181.305
656,73.359,50.4683,198.087
657,70.7406,42.4725,198.147
658,68.1221,34.4768,198.207
659,65.5036,26.481,198.266
660,62.8852,18.4853,198.326
661,74.8099,51.5836,214.953
662,72.0067,43.6033,215.037
663,69.2034,35.623,215.122
664,66.4001,27.6428,215.206
665,63.5969,19.6625,215.29
666,76.3058,52.6012,231.801
667,73.3141,44.6588,231.891
668,70.3225,36.7163,231.98
669,67.3308,28.7739,232.07
670,64.3391,20.8314,232.159
671,77.8265,53.5316,248.655
672,74.655,45.6524,248.75
673,71.4835,37.7732,248.845
674,68.312,29.894,248.94
675,65.1405,22.0149,249.035
676,79.3342,54.385,265.456
677,76.0111,46.596,265.56
678,72.688,38.8069,265.665
679,69.3648,31.0179,265.77
680,66.0417,23.2289,265.874
681,80.8364,55.181,282.297
682,77.376,47.509,282.392
683,73.9156,39.8371,282.487
684,70.4552,32.1652,282.581
685,66.9948,24.4932,282.676
686,82.3963,55.929,299.123
687,78.8232,48.4009,299.206
688,75.25,40.8728,299.29
689,71.6769,33.3448,299.374
690,68.1037,25.8167,299.457
691,83.8579,56.6595,315.939
692,80.2041,49.3023,315.995
693,76.5503,41.9451,316.052
694,72.8965,34.5879,316.108
695,69.2427,27.2307,316.165
696,85.3365,57.3812,332.719
697,81.6393,50.2198,332.755
698,77.9421,43.0584,332.791
699,74.2449,35.897,332.827
700,70.5478,28.7356,332.863
701,86.6911,58.153,349.548
702,82.974,51.2152,349.549
703,79.2569,44.2774,349.55
704,75.5399,37.3396,349.551
705,71.8228,30.4018,349.552
706,88.03,58.9784,366.343
707,84.3171,52.2936,366.324
708,80.6041,45.6089,366.304
709,76.8911,38.9242,366.284
710,73.1781,32.2394,366.264
711,89.2072,59.9457,383.177
712,85.5784,53.5252,383.157
713,81.9496,47.1047,383.136
714,78.3208,40.6842,383.116
715,74.692,34.2637,383.095
716,90.4099,61.0322,400
717,86.9282,54.8837,400
718,83.4464,48.7353,400
719,79.9647,42.5868,400
720,76.4829,36.4384,400
721,73.3492,26.0853,-200
722,61.5457,2.60364,-200
723,49.7421,-20.878,-200
724,37.9386,-44.3597,-200
725,26.135,-67.8414,-200
726,73.3492,26.0853,-175
727,61.5925,2.58009,-175
728,49.8358,-20.9251,-175
729,38.0791,-44.4304,-175
730,26.3224,-67.9356,-175
731,73.3492,26.0853,-150
732,61.6394,2.55654,-150
733,49.9295,-20.9722,-150
734,38.2197,-44.501,-150
735,26.5099,-68.0298,-150
736,71.9255,14.5791,-133.333
737,62.6283,-4.088,-133.333
738,53.3311,-22.7551,-133.333
739,44.0339,-41.4222,-133.334
740,34.7367,-60.0893,-133.334
741,70.5014,3.07238,-116.666
742,63.6167,-10.7333,-116.666
743,56.732,-24.539,-116.667
744,49.8474,-38.3447,-116.667
745,42.9627,-52.1504,-116.668
746,69.0764,-8.43625,-100
747,64.6043,-17.3805,-100
748,60.1321,-26.3248,-100
749,55.66,-35.2691,-100
750,51.1879,-44.2133,-100
751,71.458,-2.87071,-84.0045
752,67.9092,-11.33,-84.5272
753,64.3604,-19.7894,-85.0498
754,60.8116,-28.2487,-85.5724
755,57.2629,-36.708,-86.095
756,74.0003,2.66654,-67.9953
757,71.1326,-5.38798,-68.8712
758,68.2648,-13.4425,-69.7472
759,65.3971,-21.497,-70.6231
760,62.5294,-29.5515,-71.4991
761,76.2741,8.20065,-52.025
762,73.9288,0.444354,-53.0844
763,71.5835,-7.31195,-54.1439
764,69.2383,-15.0682,-55.2033
765,66.893,-22.8245,-56.2628
766,78.2376,13.6048,-36.0667
767,76.2754,6.04225,-37.164
768,74.3133,-1.52036,-38.2612
769,72.3511,-9.08296,-39.3585
770,70.389,-16.6456,-40.4558
771,79.9111,18.7645,-20.0552
772,78.2077,11.2946,-21.09
773,76.5042,3.82478,-22.1247
774,74.8007,-3.64508,-23.1594
775,73.0972,-11.1149,-24.1941
776,81.2946,23.5716,-3.95758
777,79.75,16.1089,-4.86341
778,78.2054,8.64624,-5.76923
779,76.6608,1.18357,-6.67505
780,75.1163,-6.2791,-7.58088
781,82.4771,27.9349,12.2638
782,80.9917,20.4165,11.518
783,79.5064,12.8981,10.7722
784,78.021,5.37963,10.0265
785,76.5357,-2.13879,9.28068
786,83.5206,31.8336,28.5868
787,82.0245,24.2227,28.0195
788,80.5285,16.6118,27.4522
789,79.0324,9.0009,26.8849
790,77.5364,1.38999,26.3176
791,84.5407,35.3151,45.0814
792,82.9841,27.5926,44.6592
793,81.4275,19.8702,44.237
794,79.8709,12.1478,43.8149
795,78.3143,4.42537,43.3927
796,85.4779,38.3961,61.6835
797,83.8341,30.5587,61.3917
798,82.1903,22.7213,61.0999
799,80.5465,14.8839,60.8081
800,78.9027,7.04653,60.5163
801,86.4268,41.1186,78.4125
802,84.6745,33.1672,78.2303
803,82.9222,25.2158,78.0481
804,81.17,17.2643,77.8659
805,79.4177,9.31293,77.6837
806,87.4408,43.4937,95.1229
807,85.5533,35.4388,95.0363
808,83.6657,27.3839,94.9497
809,81.7782,19.329,94.8632
810,79.8907,11.274,94.7766
811,88.5491,45.5779,111.938
812,86.502,37.4312,111.927
813,84.455,29.2846,111.916
814,82.408,21.1379,111.905
815,80.3609,12.9913,111.895
816,89.6494,47.3709,128.769
817,87.4111,39.1481,128.817
818,85.1728,30.9253,128.864
819,82.9346,22.7024,128.911
820,80.6963,14.4796,128.959
821,90.8379,48.9135,145.663
822,88.3931,40.6297,145.757
823,85.9483,32.3458,145.852
824,83.5036,24.062,145.946
825,81.0588,15.7782,146.04
826,92.0818,50.2178,162.632
827,89.421,41.8903,162.744
828,86.7602,33.5629,162.856
829,84.0994,25.2355,162.967
830,81.4386,16.908,163.079
831,93.3688,51.2957,179.594
832,90.5118,42.946,179.734
833,87.6547,34.5964,179.874
834,84.7976,26.2468,180.014
835,81.9405,17.8971,180.153
836,94.7829,52.169,196.553
837,91.7169,43.8176,196.716
838,88.6508,35.4661,196.88
839,85.5848,27.1147,197.044
840,82.5187,18.7633,197.207
841,96.2515,52.8453,213.544
842,92.9766,44.5149,213.715
843,89.7016,36.1846,213.887
844,86.4266,27.8542,214.058
845,83.1516,19.5239,214.229
846,97.6745,53.3365,230.558
847,94.2025,45.0539,230.719
848,90.7305,36.7712,230.88
849,87.2585,28.4886,231.041
850,83.7864,20.2059,231.203
851,99.1401,53.6571,247.551
852,95.4737,45.4502,247.699
853,91.8074,37.2433,247.847
854,88.141,29.0364,247.995
855,84.4747,20.8295,248.144
856,100.481,53.8316,264.538
857,96.665,45.7284,264.665
858,92.8495,37.6251,264.793
859,89.034,29.5219,264.921
860,85.2185,21.4187,265.048
861,101.823,53.8776,281.526
862,97.8631,45.9091,281.624
863,93.9035,37.9406,281.722
864,89.9438,29.9721,281.82
865,85.9842,22.0036,281.918
866,103.194,53.8117,298.484
867,99.1191,46.0068,298.554
868,95.0443,38.2018,298.624
869,90.9694,30.3969,298.695
870,86.8946,22.5919,298.765
871,104.444,53.6763,315.412
872,100.278,46.0669,315.451
873,96.1125,38.4575,315.49
874,91.947,30.8481,315.529
875,87.7815,23.2387,315.568
876,105.66,53.4909,332.305
877,101.455,46.1012,332.319
878,97.2501,38.7116,332.333
879,93.0449,31.3219,332.346
880,88.8398,23.9322,332.36
881,106.717,53.3185,349.244
882,102.499,46.1805,349.231
883,98.2817,39.0424,349.218
884,94.064,31.9044,349.204
885,89.8463,24.7664,349.191
886,107.73,53.1744,366.211
887,103.533,46.3152,366.166
888,99.336,39.4559,366.12
889,95.1388,32.5967,366.074
890,90.9417,25.7375,366.028
891,108.606,53.1312,383.128
892,104.499,46.5661,383.098
893,100.391,40.001,383.068
894,96.284,33.4358,383.039
895,92.1766,26.8707,383.009
896,109.428,53.2103,400
897,105.494,46.9355,400
898,101.561,40.6607,400
899,97.6269,34.386,400
900,93.6933,28.1112,400
901,92.5961,16.4105,-200
902,80.7926,-7.07121,-200
903,68.989,-30.5529,-200
904,57.1855,-54.0346,-200
905,45.3819,-77.5163,-200
906,92.5961,16.4105,-175
907,80.8361,-7.09308,-175
908,69.076,-30.5966,-175
909,57.316,-54.1002,-175
910,45.5559,-77.6037,-175
911,92.5961,16.4105,-150
912,80.8796,-7.11495,-150
913,69.1631,-30.6404,-150
914,57.4465,-54.1658,-150
915,45.73,-77.6912,-150
916,90.489,5.26222,-133.333
917,81.1874,-13.4024,-133.333
918,71.8859,-32.067,-133.334
919,62.5844,-50.7317,-133.334
920,53.2828,-69.3963,-133.335
921,88.3823,-5.88502,-116.665
922,81.4954,-19.6897,-116.666
923,74.6084,-33.4943,-116.666
924,67.7215,-47.299,-116.667
925,60.8345,-61.1037,-116.667
926,86.2742,-17.0352,-100
927,81.8021,-25.9794,-100
928,77.3299,-34.9237,-100
929,72.8578,-43.868,-100
930,68.3857,-52.8122,-100
931,89.16,-10.4739,-84.5426
932,85.4951,-19.012,-85.043
933,81.8302,-27.5501,-85.5434
934,78.1653,-36.0883,-86.0438
935,74.5004,-44.6264,-86.5443
936,92.0838,-3.88272,-68.9551
937,89.0479,-12.0916,-69.8007
938,86.0121,-20.3005,-70.6464
939,82.9763,-28.5094,-71.4921
940,79.9405,-36.7183,-72.3377
941,94.8802,2.66315,-53.2775
942,92.3013,-5.29869,-54.318
943,89.7224,-13.2605,-55.3585
944,87.1435,-21.2224,-56.3989
945,84.5645,-29.1842,-57.4394
946,97.3608,9.05245,-37.5747
947,95.1162,1.25192,-38.6549
948,92.8716,-6.5486,-39.735
949,90.627,-14.3491,-40.8152
950,88.3824,-22.1497,-41.8954
951,99.5237,15.1709,-21.7796
952,97.5025,7.44142,-22.79
953,95.4812,-0.2881,-23.8004
954,93.46,-8.01762,-24.8108
955,91.4387,-15.7471,-25.8212
956,101.355,20.8997,-5.85474
957,99.4662,13.1601,-6.72174
958,97.5772,5.42055,-7.58874
959,95.6883,-2.31905,-8.45573
960,93.7994,-10.0586,-9.32273
961,102.925,26.1237,10.2489
962,101.078,18.3121,9.56022
963,99.2314,10.5005,8.87158
964,97.3844,2.68884,8.18294
965,95.5374,-5.12278,7.4943
966,104.304,30.7891,26.5015
967,102.433,22.8692,26.0146
968,100.562,14.9493,25.5277
969,98.6911,7.02938,25.0408
970,96.8201,-0.890526,24.5539
971,105.584,34.9252,42.9373
972,103.638,26.8801,42.6248
973,101.693,18.835,42.3122
974,99.747,10.79,41.9996
975,97.8013,2.74487,41.687
976,106.76,38.558,59.5422
977,104.701,30.3844,59.3812
978,102.643,22.2108,59.2202
979,100.585,14.0372,59.0592
980,98.5262,5.86361,58.8982
981,107.918,41.7119,76.2938
982,105.744,33.4117,76.2715
983,103.569,25.1115,76.2492
984,101.394,16.8113,76.2269
985,99.2196,8.51113,76.2046
986,109.044,44.4028,93.0881
987,106.734,35.9858,93.163
988,104.423,27.5687,93.2378
989,102.112,19.1517,93.3127
990,99.8016,10.7347,93.3876
991,110.219,46.6719,109.977
992,107.737,38.1559,110.137
993,105.256,29.64,110.297
994,102.774,21.1241,110.457
995,100.292,12.6082,110.617
996,111.418,48.5482,126.935
997,108.731,39.9503,127.149
998,106.044,31.3523,127.362
999,103.357,22.7544,127.576
1000,100.671,14.1565,127.79
1001,112.659,50.0495,143.94
1002,109.755,41.3903,144.202
1003,106.851,32.731,144.463
1004,103.947,24.0717,144.724
1005,101.043,15.4125,144.985
1006,113.926,51.2071,161.02
1007,110.792,42.5058,161.289
1008,107.658,33.8045,161.557
1009,104.524,25.1031,161.826
1010,101.39,16.4018,162.094
1011,115.174,52.0316,178.108
1012,111.829,43.3133,178.394
1013,108.484,34.595,178.679
1014,105.139,25.8768,178.965
1015,101.795,17.1585,179.251
1016,116.541,52.55,195.207
1017,112.966,43.8381,195.489
1018,109.392,35.1262,195.771
1019,105.817,26.4143,196.053
1020,102.242,17.7025,196.335
1021,117.889,52.7761,212.329
1022,114.096,44.0991,212.601
1023,110.303,35.4222,212.873
1024,106.51,26.7452,213.145
1025,102.717,18.0683,213.417
1026,119.231,52.7337,229.492
1027,115.221,44.1212,229.733
1028,111.211,35.5088,229.973
1029,107.201,26.8963,230.214
1030,103.19,18.2839,230.455
1031,120.509,52.4468,246.641
1032,116.31,43.9288,246.845
1033,112.11,35.4109,247.048
1034,107.91,26.8929,247.252
1035,103.711,18.375,247.456
1036,121.733,51.9406,263.753
1037,117.356,43.5506,263.923
1038,112.98,35.1605,264.093
1039,108.603,26.7705,264.263
1040,104.226,18.3805,264.433
1041,122.883,51.2441,280.887
1042,118.354,43.0149,281.005
1043,113.826,34.7858,281.124
1044,109.297,26.5566,281.242
1045,104.768,18.3275,281.36
1046,124.002,50.3809,297.997
1047,119.351,42.3445,298.069
1048,114.701,34.3081,298.14
1049,110.05,26.2716,298.212
1050,105.399,18.2352,298.284
1051,124.966,49.4109,315.059
1052,120.229,41.5988,315.083
1053,115.492,33.7868,315.107
1054,110.754,25.9748,315.132
1055,106.017,18.1628,315.156
1056,125.762,48.3833,332.09
1057,121.015,40.8125,332.078
1058,116.268,33.2417,332.065
1059,111.521,25.6708,332.053
1060,106.774,18.1,332.04
1061,126.407,47.3452,349.099
1062,121.672,40.0484,349.071
1063,116.936,32.7516,349.042
1064,112.201,25.4548,349.013
1065,107.466,18.1581,348.984
1066,127.056,46.2889,366.115
1067,122.368,39.2905,366.065
1068,117.681,32.2921,366.014
1069,112.994,25.2938,365.963
1070,108.306,18.2954,365.913
1071,127.541,45.3276,383.065
1072,122.972,38.6368,383.05
1073,118.404,31.9459,383.035
1074,113.835,25.2551,383.021
1075,109.267,18.5643,383.006
1076,128.027,44.4423,400
1077,123.635,38.0627,400
1078,119.243,31.683,400
1079,114.851,25.3034,400
1080,110.459,18.9238,400
1081,111.843,6.73562,-200
1082,100.039,-16.7461,-200
1083,88.2359,-40.2277,-200
1084,76.4324,-63.7094,-200
1085,64.6288,-87.1911,-200
1086,111.843,6.73562,-175
1087,100.08,-16.7662,-175
1088,88.3162,-40.2681,-175
1089,76.5528,-63.77,-175
1090,64.7895,-87.2719,-175
1091,111.843,6.73562,-150
1092,100.12,-16.7864,-150
1093,88.3966,-40.3085,-150
1094,76.6733,-63.8306,-150
1095,64.9501,-87.3526,-150
1096,109.052,-4.05523,-133.334
1097,99.7464,-22.7172,-133.334
1098,90.4406,-41.3793,-133.334
1099,81.1348,-60.0413,-133.335
1100,71.829,-78.7033,-133.335
1101,106.263,-14.8425,-116.665
1102,99.3739,-28.6462,-116.666
1103,92.4846,-42.4499,-116.666
1104,85.5954,-56.2537,-116.667
1105,78.7061,-70.0574,-116.667
1106,103.472,-25.6341,-100
1107,98.9999,-34.5783,-100
1108,94.5277,-43.5226,-100
1109,90.0556,-52.4669,-100
1110,85.5835,-61.4111,-100
1111,106.735,-18.3005,-84.9437
1112,102.968,-26.8954,-85.4297
1113,99.1997,-35.4903,-85.9156
1114,95.4318,-44.0852,-86.4016
1115,91.6639,-52.6801,-86.8876
1116,110.047,-10.9382,-69.7099
1117,106.836,-19.2566,-70.5348
1118,103.625,-27.575,-71.3598
1119,100.414,-35.8934,-72.1847
1120,97.2033,-44.2118,-73.0096
1121,113.261,-3.64835,-54.3475
1122,110.45,-11.7555,-55.3625
1123,107.638,-19.8627,-56.3774
1124,104.827,-27.9699,-57.3924
1125,102.015,-36.0771,-58.4073
1126,116.225,3.47334,-38.8894
1127,113.695,-4.49667,-39.945
1128,111.165,-12.4667,-41.0007
1129,108.634,-20.4367,-42.0564
1130,106.104,-28.4067,-43.1121
1131,118.889,10.3238,-23.2837
1132,116.54,2.40648,-24.2684
1133,114.191,-5.51086,-25.2532
1134,111.841,-13.4282,-26.238
1135,109.492,-21.3456,-27.2227
1136,121.207,16.7754,-7.51238
1137,118.959,8.83242,-8.34416
1138,116.711,0.889393,-9.17594
1139,114.463,-7.05363,-10.0077
1140,112.215,-14.9967,-10.8395
1141,123.233,22.696,8.47995
1142,121.002,14.6659,7.84292
1143,118.771,6.63582,7.20589
1144,116.539,-1.39429,6.56886
1145,114.308,-9.42441,5.93183
1146,125.021,28.0002,24.6636
1147,122.745,19.8459,24.2498
1148,120.468,11.6915,23.8359
1149,118.192,3.53722,23.422
1150,115.916,-4.61711,23.0081
1151,126.629,32.7042,41.0711
1152,124.266,24.4075,40.8555
1153,121.902,16.1107,40.64
1154,119.539,7.81403,40.4245
1155,117.175,-0.48269,40.209
1156,128.065,36.8175,57.6633
1157,125.573,28.3765,57.6165
1158,123.082,19.9354,57.5696
1159,120.59,11.4943,57.5228
1160,118.098,3.0532,57.476
1161,129.439,40.3467,74.4053
1162,126.807,31.7645,74.5118
1163,124.176,23.1822,74.6183
1164,121.544,14.5999,74.7248
1165,118.913,6.01763,74.8314
1166,130.75,43.3103,91.2208
1167,127.961,34.6007,91.4645
1168,125.172,25.8911,91.7082
1169,122.384,17.1815,91.9519
1170,119.595,8.47193,92.1956
1171,132.06,45.7471,108.176
1172,129.092,36.9268,108.515
1173,126.124,28.1066,108.855
1174,123.156,19.2864,109.194
1175,120.188,10.4661,109.533
1176,133.333,47.6807,125.225
1177,130.157,38.7729,125.631
1178,126.982,29.8652,126.036
1179,123.807,20.9574,126.442
1180,120.631,12.0497,126.847
1181,134.623,49.1315,142.345
1182,131.22,40.1607,142.795
1183,127.817,31.1899,143.245
1184,124.414,22.2191,143.694
1185,121.011,13.2483,144.144
1186,135.901,50.1298,159.569
1187,132.253,41.122,160.013
1188,128.605,32.1143,160.457
1189,124.957,23.1065,160.901
1190,121.309,14.0988,161.345
1191,137.079,50.7045,176.796
1192,133.216,41.6851,177.239
1193,129.352,32.6657,177.683
1194,125.489,23.6463,178.127
1195,121.625,14.6269,178.571
1196,138.347,50.8628,194.047
1197,134.236,41.8658,194.459
1198,130.126,32.8687,194.87
1199,126.015,23.8717,195.282
1200,121.905,14.8747,195.693
1201,139.549,50.6481,211.343
1202,135.199,41.7065,211.717
1203,130.849,32.7648,212.09
1204,126.499,23.8232,212.464
1205,122.149,14.8816,212.837
1206,140.725,50.0795,228.668
1207,136.147,41.2269,228.982
1208,131.57,32.3742,229.295
1209,126.992,23.5216,229.609
1210,122.415,14.669,229.923
1211,141.821,49.1954,245.966
1212,137.034,40.4675,246.222
1213,132.247,31.7395,246.478
1214,127.46,23.0116,246.735
1215,122.674,14.2836,246.991
1216,142.827,48.032,263.23
1217,137.854,39.4628,263.425
1218,132.882,30.8936,263.619
1219,127.909,22.3244,263.814
1220,122.937,13.7552,264.009
1221,143.702,46.6332,280.489
1222,138.575,38.2577,280.614
1223,133.449,29.8821,280.738
1224,128.323,21.5066,280.863
1225,123.197,13.1311,280.987
1226,144.487,45.0276,297.722
1227,139.244,36.8764,297.783
1228,134.001,28.7253,297.843
1229,128.758,20.5742,297.903
1230,123.515,12.4231,297.963
1231,145.076,43.2961,314.918
1232,139.764,35.3974,314.908
1233,134.451,27.4988,314.897
1234,129.139,19.6001,314.887
1235,123.826,11.7015,314.876
1236,145.417,41.5186,332.06
1237,140.123,33.8782,332.001
1238,134.83,26.2378,331.941
1239,129.536,18.5974,331.882
1240,124.242,10.957,331.823
1241,145.616,39.7164,349.121
1242,140.365,32.3625,349.043
1243,135.114,25.0087,348.964
1244,129.863,17.6549,348.885
1245,124.612,10.301,348.807
1246,145.836,37.8588,366.161
1247,140.659,30.8161,366.071
1248,135.482,23.7734,365.981
1249,130.306,16.7307,365.891
1250,125.129,9.68805,365.801
1251,145.898,36.0922,383.103
1252,140.86,29.3633,383.071
1253,135.823,22.6345,383.04
1254,130.785,15.9057,383.009
1255,125.748,9.17683,382.977
1256,145.958,34.3824,400
1257,141.124,27.9651,400
1258,136.289,21.5478,400
1259,131.455,15.1305,400
1260,126.621,8.7132,400
1261,131.09,-2.93923,-200
1262,119.286,-26.4209,-200
1263,107.483,-49.9026,-200
1264,95.6793,-73.3843,-200
1265,83.8757,-96.866,-200
1266,131.09,-2.93923,-175
1267,119.323,-26.4394,-175
1268,107.556,-49.9396,-175
1269,95.7897,-73.4398,-175
1270,84.023,-96.94,-175
1271,131.09,-2.93923,-150
1272,119.36,-26.4579,-150
1273,107.63,-49.9766,-150
1274,95.9001,-73.4953,-150
1275,84.1702,-97.014,-150
1276,127.616,-13.3723,-133.335
1277,118.306,-32.0318,-133.335
1278,108.995,-50.6913,-133.335
1279,99.6852,-69.3508,-133.335
1280,90.3751,-88.0103,-133.335
1281,124.144,-23.8,-116.665
1282,117.252,-37.6029,-116.666
1283,110.361,-51.4058,-116.666
1284,103.469,-65.2087,-116.666
1285,96.5774,-79.0116,-116.666
1286,120.67,-34.233,-100
1287,116.198,-43.1772,-100
1288,111.726,-52.1215,-100
1289,107.253,-61.0658,-100
1290,102.781,-70.01,-100
1291,124.283,-26.3992,-85.2071
1292,120.412,-35.0206,-85.6867
1293,116.541,-43.642,-86.1663
1294,112.67,-52.2634,-86.646
1295,108.799,-60.8847,-87.1256
1296,127.912,-18.5597,-70.2518
1297,124.526,-26.9221,-71.0555
1298,121.14,-35.2845,-71.8591
1299,117.754,-43.6469,-72.6628
1300,114.368,-52.0093,-73.4665
1301,131.441,-10.7884,-55.1325
1302,128.409,-18.9567,-56.1157
1303,125.377,-27.1249,-57.0989
1304,122.345,-35.2932,-58.0821
1305,119.314,-43.4615,-59.0654
1306,134.85,-3.22364,-39.8664
1307,132.03,-11.2625,-40.899
1308,129.211,-19.3014,-41.9316
1309,126.392,-27.3403,-42.9641
1310,123.573,-35.3792,-43.9967
1311,137.953,4.09078,-24.4073
1312,135.272,-3.90587,-25.3768
1313,132.591,-11.9025,-26.3463
1314,129.911,-19.8992,-27.3157
1315,127.23,-27.8958,-28.2852
1316,140.74,11.0018,-8.75576
1317,138.124,2.97316,-9.57005
1318,135.508,-5.05548,-10.3843
1319,132.893,-13.0841,-11.1986
1320,130.277,-21.1128,-12.0129
1321,143.233,17.3734,7.14719
1322,140.605,9.25186,6.53956
1323,137.977,1.13031,5.93193
1324,135.35,-6.99124,5.3243
1325,132.722,-15.1128,4.71668
1326,145.465,23.0979,23.2751
1327,142.765,14.8452,22.9082
1328,140.065,6.59245,22.5413
1329,137.366,-1.66028,22.1744
1330,134.666,-9.91301,21.8075
1331,147.471,28.18,39.6544
1332,144.661,19.7758,39.5104
1333,141.852,11.3716,39.3664
1334,139.042,2.96734,39.2224
1335,136.232,-5.43687,39.0784
1336,149.245,32.6203,56.2398
1337,146.292,24.0624,56.2954
1338,143.339,15.5045,56.351
1339,140.386,6.94651,56.4066
1340,137.433,-1.61143,56.4622
1341,150.878,36.4098,73.0043
1342,147.754,27.7025,73.2317
1343,144.63,18.9952,73.4591
1344,141.507,10.2879,73.6865
1345,138.383,1.58064,73.914
1346,152.366,39.558,89.862
1347,149.069,30.7115,90.2351
1348,145.772,21.865,90.6081
1349,142.475,13.0184,90.9811
1350,139.178,4.17188,91.3541
1351,153.795,42.0843,106.857
1352,150.314,33.1174,107.338
1353,146.833,24.1506,107.82
1354,143.351,15.1838,108.302
1355,139.87,6.21694,108.783
1356,155.136,44.0199,123.975
1357,151.442,34.9615,124.536
1358,147.748,25.903,125.097
1359,144.054,16.8446,125.657
1360,140.361,7.7861,126.218
1361,156.452,45.373,141.186
1362,152.521,36.2546,141.795
1363,148.59,27.1361,142.405
1364,144.66,18.0177,143.014
1365,140.729,8.89923,143.624
1366,157.682,46.1871,158.506
1367,153.504,37.0392,159.106
1368,149.326,27.8913,159.707
1369,145.148,18.7435,160.307
1370,140.97,9.59562,160.908
1371,158.794,46.4958,175.851
1372,154.397,37.3446,176.43
1373,150,28.1934,177.009
1374,145.603,19.0422,177.588
1375,141.206,9.89106,178.166
1376,159.918,46.2964,193.228
1377,155.246,37.1951,193.755
1378,150.575,28.0939,194.283
1379,145.904,18.9927,194.811
1380,141.232,9.89145,195.338
1381,160.929,45.6544,210.655
1382,156.003,36.6376,211.126
1383,151.077,27.6209,211.597
1384,146.151,18.6041,212.068
1385,141.225,9.58734,212.538
1386,161.857,44.5926,228.115
1387,156.7,35.696,228.503
1388,151.544,26.7994,228.891
1389,146.387,17.9029,229.279
1390,141.231,9.00629,229.667
1391,162.668,43.1622,245.549
1392,157.296,34.4251,245.859
1393,151.924,25.6879,246.169
1394,146.552,16.9508,246.479
1395,141.18,8.21365,246.789
1396,163.347,41.4112,262.94
1397,157.797,32.8657,263.165
1398,152.247,24.3201,263.389
1399,146.697,15.7745,263.613
1400,141.146,7.22899,263.838
1401,163.846,39.4044,280.311
1402,158.151,31.084,280.45
1403,152.457,22.7635,280.588
1404,146.762,14.4431,280.727
1405,141.067,6.12263,280.865
1406,164.212,37.1738,297.635
1407,158.422,29.1019,297.693
1408,152.632,21.03,297.751
1409,146.842,12.9582,297.808
1410,141.052,4.88632,297.866
1411,164.349,34.8208,314.906
1412,158.515,27.0195,314.885
1413,152.681,19.2181,314.863
1414,146.847,11.4167,314.841
1415,141.012,3.61533,314.819
1416,164.253,32.4187,332.083
1417,158.458,24.8835,332.008
1418,152.664,17.3483,331.934
1419,146.869,9.81306,331.86
1420,141.075,2.27785,331.785
1421,164.014,29.9825,349.166
1422,158.286,22.7379,349.072
1423,152.558,15.4934,348.979
1424,146.829,8.24883,348.885
1425,141.101,1.00429,348.792
1426,163.74,27.4933,366.232
1427,158.121,20.5534,366.125
1428,152.503,13.6135,366.018
1429,146.884,6.67362,365.911
1430,141.266,-0.266266,365.805
1431,163.335,25.0946,383.124
1432,157.879,18.4572,383.086
1433,152.424,11.8199,383.048
1434,146.968,5.18262,383.009
1435,141.513,-1.45469,382.971
1436,162.905,22.745,400
1437,157.681,16.4009,400
1438,152.456,10.0567,400
1439,147.232,3.71262,400
1440,142.007,-2.6315,400
1441,150.337,-12.6141,-200
1442,138.533,-36.0958,-200
1443,126.73,-59.5774,-200
1444,114.926,-83.0591,-200
1445,103.123,-106.541,-200
1446,150.337,-12.6141,-175
1447,138.567,-36.1126,-175
1448,126.797,-59.6111,-175
1449,115.027,-83.1096,-175
1450,103.256,-106.608,-175
1451,150.337,-12.6141,-150
1452,138.6,-36.1294,-150
1453,126.864,-59.6447,-150
1454,115.127,-83.1601,-150
1455,103.39,-106.675,-150
1456,146.179,-22.689,-133.335
1457,136.865,-41.3461,-133.335
1458,127.55,-60.0032,-133.335
1459,118.236,-78.6603,-133.335
1460,108.921,-97.3175,-133.335
1461,142.025,-32.7577,-116.665
1462,135.131,-46.5596,-116.665
1463,128.237,-60.3615,-116.666
1464,121.343,-74.1635,-116.666
1465,114.449,-87.9654,-116.666
1466,137.868,-42.8319,-100
1467,133.395,-51.7761,-100
1468,128.923,-60.7204,-100
1469,124.451,-69.6647,-100
1470,119.979,-78.6089,-100
1471,141.72,-34.7547,-85.3759
1472,137.768,-43.3681,-85.8376
1473,133.816,-51.9815,-86.2993
1474,129.864,-60.5949,-86.761
1475,125.911,-69.2083,-87.2227
1476,145.605,-26.6662,-70.544
1477,142.062,-35.0171,-71.3255
1478,138.519,-43.368,-72.107
1479,134.976,-51.7189,-72.8885
1480,131.433,-60.0698,-73.67
1481,149.388,-18.6476,-55.5205
1482,146.138,-26.8112,-56.4941
1483,142.888,-34.9749,-57.4678
1484,139.638,-43.1385,-58.4415
1485,136.388,-51.3021,-59.4151
1486,153.123,-10.8838,-40.3564
1487,150.043,-18.9194,-41.3838
1488,146.963,-26.955,-42.4112
1489,143.883,-34.9906,-43.4387
1490,140.803,-43.0261,-44.4661
1491,156.655,-3.39604,-24.9491
1492,153.652,-11.3836,-25.9304
1493,150.65,-19.3712,-26.9116
1494,147.648,-27.3588,-27.8929
1495,144.646,-35.3464,-28.8741
1496,159.891,3.67086,-9.3523
1497,156.898,-4.33854,-10.1866
1498,153.905,-12.3479,-11.0209
1499,150.912,-20.3574,-11.8552
1500,147.919,-28.3668,-12.6895
1501,162.791,10.2026,6.50419
1502,159.757,2.10677,5.88069
1503,156.722,-5.98907,5.25719
1504,153.688,-14.0849,4.63369
1505,150.654,-22.1808,4.01019
1506,165.442,16.0607,22.6135
1507,162.301,7.84235,22.2378
1508,159.161,-0.376019,21.8621
1509,156.021,-8.59439,21.4864
1510,152.881,-16.8128,21.1107
1511,167.825,21.2519,38.9826
1512,164.545,12.8904,38.8457
1513,161.265,4.52895,38.7089
1514,157.985,-3.83254,38.572
1515,154.705,-12.194,38.4351
1516,169.933,25.7731,55.5702
1517,166.487,17.2654,55.6589
1518,163.042,8.75777,55.7475
1519,159.596,0.250089,55.8361
1520,156.15,-8.25759,55.9247
1521,171.837,29.605,72.3466
1522,168.198,20.9535,72.6225
1523,164.559,12.3019,72.8984
1524,160.92,3.65036,73.1743
1525,157.28,-5.0012,73.4502
1526,173.519,32.7563,89.2184
1527,169.68,23.9707,89.6514
1528,165.842,15.1851,90.0845
1529,162.003,6.39944,90.5176
1530,158.165,-2.38617,90.9506
1531,175.063,35.2328,106.228
1532,171.021,26.3312,106.783
1533,166.979,17.4295,107.337
1534,162.937,8.5278,107.892
1535,158.895,-0.373873,108.447
1536,176.448,37.0676,123.374
1537,172.184,28.0797,124.014
1538,167.92,19.0918,124.655
1539,163.655,10.1039,125.295
1540,159.391,1.11597,125.936
1541,177.739,38.2575,140.622
1542,173.233,29.2182,141.305
1543,168.727,20.1788,141.988
1544,164.221,11.1394,142.671
1545,159.716,2.10008,143.354
1546,178.877,38.8563,157.992
1547,174.133,29.7964,158.659
1548,169.388,20.7364,159.325
1549,164.644,11.6765,159.992
1550,159.899,2.61651,160.659
1551,179.838,38.9037,175.403
1552,174.879,29.8509,176.041
1553,169.921,20.7981,176.679
1554,164.963,11.7452,177.316
1555,160.004,2.69237,177.954
1556,180.737,38.3853,192.863
1557,175.501,29.4106,193.452
1558,170.265,20.4359,194.041
1559,165.028,11.4613,194.63
1560,159.792,2.48657,195.22
1561,181.478,37.3817,210.373
1562,175.99,28.5187,210.899
1563,170.502,19.6558,211.425
1564,165.013,10.7929,211.952
1565,159.525,1.93002,212.478
1566,182.083,35.9216,227.92
1567,176.368,27.2075,228.354
1568,170.652,18.4935,228.787
1569,164.937,9.77938,229.221
1570,159.221,1.0653,229.655
1571,182.535,34.061,245.451
1572,176.618,25.5328,245.789
1573,170.7,17.0047,246.126
1574,164.782,8.4765,246.463
1575,158.865,-0.0516588,246.801
1576,182.832,31.8548,262.924
1577,176.748,23.5437,263.16
1578,170.665,15.2326,263.396
1579,164.581,6.92155,263.632
1580,158.498,-1.38953,263.868
1581,182.904,29.3928,280.363
1582,176.695,21.3263,280.502
1583,170.486,13.2597,280.641
1584,164.277,5.19321,280.779
1585,158.069,-2.87333,280.918
1586,182.779,26.7222,297.753
1587,176.51,18.9102,297.796
1588,170.24,11.0983,297.84
1589,163.971,3.28636,297.883
1590,157.702,-4.52558,297.926
1591,182.421,23.9393,315.032
1592,176.14,16.3962,314.998
1593,169.859,8.85306,314.964
1594,163.578,1.30993,314.931
1595,157.297,-6.23319,314.897
1596,181.907,21.0571,332.218
1597,175.679,13.7812,332.128
1598,169.452,6.50526,332.039
1599,163.224,-0.770683,331.949
1600,156.996,-8.04662,331.859
1601,181.215,18.1588,349.299
1602,175.077,11.1631,349.191
1603,168.94,4.16746,349.083
1604,162.802,-2.82819,348.975
1605,156.665,-9.82384,348.867
1606,180.462,15.2101,366.328
1607,174.464,8.49899,366.212
1608,168.465,1.78788,366.096
1609,162.467,-4.92323,365.98
1610,156.469,-11.6343,365.864
1611,179.575,12.3575,383.181
1612,173.767,5.92038,383.136
1613,167.959,-0.516718,383.09
1614,162.151,-6.95381,383.044
1615,156.343,-13.3909,382.998
1616,178.666,9.54223,400
1617,173.111,3.36651,400
1618,167.556,-2.80921,400
1619,162,-8.98493,400
1620,156.445,-15.1606,400
1621,169.584,-22.2889,-200
1622,157.78,-45.7706,-200
1623,145.977,-69.2523,-200
1624,134.173,-92.734,-200
1625,122.369,-116.216,-200
1626,169.584,-22.2889,-175
1627,157.81,-45.7858,-175
1628,146.037,-69.2826,-175
1629,134.263,-92.7794,-175
1630,122.49,-116.276,-175
1631,169.584,-22.2889,-150
1632,157.84,-45.8009,-150
1633,146.097,-69.3129,-150
1634,134.354,-92.8248,-150
1635,122.61,-116.337,-150
1636,164.743,-32.0054,-133.335
1637,155.424,-50.6603,-133.335
1638,146.105,-69.3151,-133.335
1639,136.786,-87.9699,-133.335
1640,127.467,-106.625,-133.335
1641,159.906,-41.7154,-116.665
1642,153.009,-55.5163,-116.665
1643,146.113,-69.3172,-116.665
1644,139.217,-83.1181,-116.665
1645,132.321,-96.9189,-116.665
1646,155.065,-51.4308,-100
1647,150.593,-60.375,-100
1648,146.121,-69.3193,-100
1649,141.649,-78.2636,-100
1650,137.177,-87.2078,-100
1651,159.11,-43.2902,-85.4367
1652,155.067,-51.8883,-85.8903
1653,151.023,-60.4864,-86.3439
1654,146.98,-69.0845,-86.7975
1655,142.937,-77.6825,-87.2512
1656,163.219,-35.1568,-70.6477
1657,159.497,-43.4811,-71.4193
1658,155.775,-51.8054,-72.1909
1659,152.053,-60.1297,-72.9626
1660,148.331,-68.454,-73.7342
1661,167.226,-27.1205,-55.6956
1662,163.739,-35.2504,-56.6452
1663,160.251,-43.3804,-57.5949
1664,156.764,-51.5103,-58.5446
1665,153.277,-59.6403,-59.4942
1666,171.175,-19.3535,-40.5961
1667,167.813,-27.3539,-41.5915
1668,164.451,-35.3543,-42.5869
1669,161.089,-43.3547,-43.5824
1670,157.727,-51.355,-44.5778
1671,175.01,-11.8847,-25.205
1672,171.665,-19.8334,-26.1588
1673,168.32,-27.7822,-27.1125
1674,164.974,-35.7309,-28.0663
1675,161.629,-43.6797,-29.0201
1676,178.609,-4.84876,-9.56498
1677,175.221,-12.8199,-10.3838
1678,171.832,-20.791,-11.2027
1679,168.443,-28.7622,-12.0216
1680,165.054,-36.7333,-12.8404
1681,181.926,1.61861,6.3614
1682,178.434,-6.43346,5.74104
1683,174.942,-14.4855,5.12068
1684,171.45,-22.5376,4.50032
1685,167.958,-30.5897,3.87996
1686,184.962,7.36375,22.4832
1687,181.309,-0.794663,22.118
1688,177.655,-8.95307,21.7527
1689,174.002,-17.1115,21.3875
1690,170.348,-25.2699,21.0222
1691,187.671,12.443,38.8814
1692,183.834,4.15077,38.7521
1693,179.997,-4.14149,38.6227
1694,176.16,-12.4337,38.4934
1695,172.324,-20.726,38.364
1696,190.065,16.8345,55.4983
1697,186.022,8.40604,55.5849
1698,181.98,-0.0224052,55.6715
1699,177.938,-8.45085,55.7581
1700,173.896,-16.8793,55.8446
1701,192.207,20.5121,72.3004
1702,187.94,11.9512,72.5709
1703,183.673,3.39029,72.8413
1704,179.406,-5.17061,73.1118
1705,175.138,-13.7315,73.3822
1706,194.052,23.4954,89.1794
1707,189.566,14.8097,89.6113
1708,185.08,6.12397,90.0433
1709,180.594,-2.56175,90.4752
1710,176.107,-11.2475,90.9071
1711,195.675,25.7892,106.179
1712,190.963,17.0007,106.74
1713,186.251,8.2121,107.301
1714,181.54,-0.576461,107.863
1715,176.828,-9.36502,108.424
1716,197.054,27.4327,123.315
1717,192.115,18.5662,123.965
1718,187.176,9.69977,124.614
1719,182.238,0.833301,125.264
1720,177.299,-8.03317,125.914
1721,198.266,28.4105,140.56
1722,193.097,19.4967,141.252
1723,187.928,10.5829,141.944
1724,182.76,1.66917,142.636
1725,177.591,-7.2446,143.328
1726,199.255,28.7842,157.937
1727,193.862,19.8558,158.621
1728,188.469,10.9274,159.305
1729,183.077,1.99898,159.989
1730,177.684,-6.92942,160.673
1731,200.004,28.5946,175.372
1732,194.406,19.6829,176.034
1733,188.808,10.7712,176.697
1734,183.21,1.85942,177.36
1735,177.611,-7.05233,178.023
1736,200.621,27.8214,192.864
1737,194.759,19.0098,193.482
1738,188.897,10.1983,194.1
1739,183.035,1.38675,194.717
1740,177.173,-7.42478,195.335
1741,201.029,26.5498,210.415
1742,194.932,17.8708,210.967
1743,188.834,9.1917,211.519
1744,182.737,0.512635,212.071
1745,176.64,-8.16643,212.623
1746,201.268,24.8001,228.012
1747,194.958,16.293,228.465
1748,188.649,7.78602,228.917
1749,182.34,-0.721004,229.369
1750,176.03,-9.22802,229.821
1751,201.319,22.632,245.636
1752,194.83,14.3317,245.97
1753,188.341,6.03137,246.304
1754,181.851,-2.26895,246.638
1755,175.362,-10.5693,246.971
1756,201.164,20.1365,263.12
1757,194.535,12.0673,263.351
1758,187.906,3.99814,263.583
1759,181.276,-4.07103,263.814
1760,174.647,-12.1402,264.046
1761,200.782,17.3762,280.572
1762,194.058,9.55909,280.702
1763,187.335,1.74193,280.831
1764,180.612,-6.07522,280.961
1765,173.888,-13.8924,281.091
1766,200.208,14.3971,297.936
1767,193.446,6.84051,297.977
1768,186.684,-0.716053,298.018
1769,179.921,-8.27262,298.059
1770,173.159,-15.8292,298.1
1771,199.398,11.3023,315.207
1772,192.653,4.01158,315.17
1773,185.907,-3.27916,315.133
1774,179.162,-10.5699,315.097
1775,172.416,-17.8606,315.06
1776,198.446,8.0886,332.376
1777,191.774,1.0604,332.283
1778,185.102,-5.9678,332.191
1779,178.43,-12.996,332.099
1780,171.758,-20.0242,332.007
1781,197.303,4.86272,349.444
1782,190.748,-1.89941,349.331
1783,184.194,-8.66155,349.218
1784,177.639,-15.4237,349.104
1785,171.085,-22.1858,348.991
1786,196.108,1.56242,366.446
1787,189.716,-4.93204,366.324
1788,183.323,-11.4265,366.201
1789,176.931,-17.9209,366.079
1790,170.538,-24.4154,365.957
1791,194.765,-1.62452,383.248
1792,188.586,-7.87249,383.196
1793,182.408,-14.1205,383.143
1794,176.229,-20.3684,383.09
1795,170.051,-26.6164,383.038
1796,193.405,-4.79661,400
1797,187.497,-10.8129,400
1798,181.59,-16.8292,400
1799,175.682,-22.8455,400
1800,169.774,-28.8618,400
1801,188.831,-31.9638,-200
1802,177.027,-55.4455,-200
1803,165.224,-78.9271,-200
1804,153.42,-102.409,-200
1805,141.616,-125.891,-200
1806,188.831,-31.9638,-175
1807,177.054,-55.4589,-175
1808,165.277,-78.9541,-175
1809,153.5,-102.449,-175
1810,141.723,-125.944,-175
1811,188.831,-31.9638,-150
1812,177.081,-55.4724,-150
1813,165.331,-78.981,-150
1814,153.581,-102.49,-150
1815,141.831,-125.998,-150
1816,183.307,-41.3217,-133.335
1817,173.983,-59.9743,-133.335
1818,164.66,-78.6269,-133.335
1819,155.336,-97.2795,-133.335
1820,146.013,-115.932,-133.335
1821,177.786,-50.6734,-116.666
1822,170.888,-64.4731,-116.666
1823,163.989,-78.2728,-116.666
1824,157.091,-92.0725,-116.665
1825,150.192,-105.872,-116.665
1826,172.263,-60.0297,-100
1827,167.791,-68.9739,-100
1828,163.319,-77.9182,-100
1829,158.847,-86.8625,-100
1830,154.375,-95.8068,-100
1831,176.431,-51.9564,-85.4357
1832,172.295,-60.5418,-85.8751
1833,168.159,-69.1273,-86.3146
1834,164.023,-77.7128,-86.754
1835,159.886,-86.2982,-87.1935
1836,180.696,-43.9131,-70.6342
1837,176.786,-52.2148,-71.3782
1838,172.876,-60.5166,-72.1222
1839,168.966,-68.8183,-72.8662
1840,165.056,-77.1201,-73.6102
1841,184.933,-35.9755,-55.6026
1842,181.166,-44.0878,-56.5271
1843,177.398,-52.2002,-57.4517
1844,173.631,-60.3125,-58.3762
1845,169.863,-68.4248,-59.3008
1846,189.083,-28.3376,-40.4679
1847,185.372,-36.325,-41.4188
1848,181.662,-44.3124,-42.3697
1849,177.951,-52.2998,-43.3206
1850,174.24,-60.2872,-44.2715
1851,193.099,-21.031,-25.0788
1852,189.36,-28.9734,-25.9487
1853,185.622,-36.9158,-26.8187
1854,181.883,-44.8582,-27.6887
1855,178.145,-52.8006,-28.5587
1856,196.947,-14.1814,-9.38799
1857,193.105,-22.1626,-10.1123
1858,189.263,-30.1437,-10.8367
1859,185.42,-38.1248,-11.561
1860,181.578,-46.106,-12.2853
1861,200.532,-7.93046,6.59994
1862,196.523,-16.013,6.06333
1863,192.514,-24.0955,5.52672
1864,188.506,-32.178,4.99011
1865,184.497,-40.2605,4.45351
1866,203.927,-2.45466,22.8512
1867,199.681,-10.6573,22.534
1868,195.434,-18.8599,22.2168
1869,191.188,-27.0626,21.8997
1870,186.942,-35.2652,21.5825
1871,206.994,2.30241,39.3359
1872,202.488,-6.03187,39.2284
1873,197.981,-14.3662,39.1209
1874,193.474,-22.7004,39.0133
1875,188.968,-31.0347,38.9058
1876,209.658,6.39452,56.0553
1877,204.891,-2.07946,56.1273
1878,200.125,-10.5534,56.1993
1879,195.358,-19.0274,56.2714
1880,190.591,-27.5014,56.3434
1881,212.034,9.74344,72.9291
1882,206.99,1.14612,73.1587
1883,201.947,-7.45121,73.3884
1884,196.903,-16.0485,73.618
1885,191.86,-24.6459,73.8476
1886,214.035,12.3951,89.8062
1887,208.728,3.68973,90.1894
1888,203.421,-5.01566,90.5726
1889,198.114,-13.7211,90.9559
1890,192.807,-22.4265,91.3391
1891,215.674,14.4024,106.756
1892,210.12,5.60607,107.272
1893,204.566,-3.19026,107.788
1894,199.012,-11.9866,108.303
1895,193.459,-20.7829,108.819
1896,216.973,15.7952,123.84
1897,211.187,6.92871,124.449
1898,205.401,-1.9378,125.058
1899,199.615,-10.8043,125.667
1900,193.829,-19.6708,126.275
1901,218.037,16.5338,141.045
1902,212.025,7.62726,141.701
1903,206.013,-1.27925,142.357
1904,200.001,-10.1858,143.013
1905,193.989,-19.0923,143.669
1906,218.818,16.6803,158.397
1907,212.593,7.76795,159.05
1908,206.367,-1.14437,159.702
1909,200.141,-10.0567,160.354
1910,193.916,-18.969,161.007
1911,219.31,16.2741,175.821
1912,212.888,7.39292,176.454
1913,206.466,-1.48831,177.087
1914,200.044,-10.3695,177.72
1915,193.622,-19.2508,178.353
1916,219.606,15.2911,193.309
1917,212.947,6.53012,193.898
1918,206.287,-2.23082,194.487
1919,199.627,-10.9918,195.076
1920,192.968,-19.7527,195.665
1921,219.649,13.8191,210.851
1922,212.781,5.21229,211.374
1923,205.913,-3.39449,211.897
1924,199.045,-12.0013,212.42
1925,192.177,-20.608,212.943
1926,219.472,11.882,228.426
1927,212.427,3.4648,228.852
1928,205.383,-4.95241,229.278
1929,198.338,-13.3696,229.704
1930,191.293,-21.7868,230.13
1931,219.089,9.5288,245.994
1932,211.901,1.33273,246.311
1933,204.713,-6.86334,246.628
1934,197.525,-15.0594,246.944
1935,190.337,-23.2555,247.261
1936,218.512,6.82412,263.46
1937,211.212,-1.11983,263.674
1938,203.912,-9.06377,263.888
1939,196.612,-17.0077,264.102
1940,189.312,-24.9516,264.316
1941,217.702,3.85472,280.877
1942,210.339,-3.82362,280.993
1943,202.977,-11.502,281.109
1944,195.614,-19.1803,281.225
1945,188.252,-26.8587,281.34
1946,216.668,0.685574,298.216
1947,209.299,-6.72485,298.245
1948,201.93,-14.1353,298.274
1949,194.562,-21.5457,298.303
1950,187.193,-28.9561,298.333
1951,215.433,-2.62534,315.443
1952,208.111,-9.76739,315.399
1953,200.789,-16.9094,315.354
1954,193.467,-24.0515,315.31
1955,186.144,-31.1935,315.265
1956,214.035,-6.04876,332.581
1957,206.816,-12.9315,332.483
1958,199.596,-19.8143,332.385
1959,192.376,-26.6971,332.288
1960,185.156,-33.5799,332.19
1961,212.483,-9.51642,349.598
1962,205.407,-16.1405,349.482
1963,198.331,-22.7646,349.365
1964,191.255,-29.3887,349.249
1965,184.179,-36.0128,349.132
1966,210.858,-13.0635,366.567
1967,203.972,-19.4341,366.439
1968,197.086,-25.8046,366.312
1969,190.2,-32.1752,366.184
1970,183.314,-38.5458,366.056
1971,209.106,-16.5125,383.304
1972,202.453,-22.6519,383.249
1973,195.8,-28.7912,383.193
1974,189.147,-34.9306,383.138
1975,182.494,-41.0699,383.082
1976,207.312,-19.9438,400
1977,200.95,-25.8754,400
1978,194.588,-31.807,400
1979,188.226,-37.7385,400
1980,181.863,-43.6701,400
1981,208.078,-41.6386,-200
1982,196.274,-65.1203,-200
1983,184.47,-88.602,-200
1984,172.667,-112.084,-200
1985,160.863,-135.565,-200
1986,208.078,-41.6386,-175
1987,196.297,-65.1321,-175
1988,184.517,-88.6255,-175
1989,172.737,-112.119,-175
1990,160.957,-135.612,-175
1991,208.078,-41.6386,-150
1992,196.321,-65.1439,-150
1993,184.564,-88.6491,-150
1994,172.807,-112.154,-150
1995,161.051,-135.66,-150
1996,201.871,-50.6378,-133.335
1997,192.543,-69.2883,-133.335
1998,183.215,-87.9388,-133.335
1999,173.887,-106.589,-133.335
2000,164.559,-125.24,-133.334
2001,195.667,-59.6318,-116.666
2002,188.766,-73.4302,-116.666
2003,181.865,-87.2286,-116.666
2004,174.965,-101.027,-116.666
2005,168.064,-114.825,-116.665
2006,189.461,-68.6286,-100
2007,184.989,-77.5728,-100
2008,180.517,-86.5171,-100
2009,176.045,-95.4614,-100
2010,171.572,-104.406,-100
2011,193.676,-60.7535,-85.3487
2012,189.451,-69.3203,-85.7684
2013,185.226,-77.8872,-86.1881
2014,181.002,-86.454,-86.6078
2015,176.777,-95.0209,-87.0275
2016,198,-52.9414,-70.4864
2017,193.914,-61.2092,-71.1783
2018,189.828,-69.477,-71.8702
2019,185.742,-77.7449,-72.5622
2020,181.656,-86.0127,-73.2541
2021,202.287,-45.2848,-55.4578
2022,198.267,-53.3507,-56.2798
2023,194.247,-61.4166,-57.1019
2024,190.226,-69.4824,-57.9239
2025,186.206,-77.5483,-58.746
2026,206.543,-37.9086,-40.2255
2027,202.505,-45.8656,-41.0517
2028,198.466,-53.8226,-41.878
2029,194.428,-61.7796,-42.7042
2030,190.389,-69.7367,-43.5304
2031,210.67,-30.8737,-24.7176
2032,206.54,-38.8229,-25.4579
2033,202.41,-46.7722,-26.1983
2034,198.28,-54.7214,-26.9386
2035,194.15,-62.6707,-27.679
2036,214.658,-24.3655,-8.95826
2037,210.366,-32.3917,-9.54303
2038,206.075,-40.418,-10.1278
2039,201.784,-48.4443,-10.7126
2040,197.493,-56.4706,-11.2974
2041,218.416,-18.4983,7.10116
2042,213.891,-26.6585,6.69959
2043,209.366,-34.8187,6.29803
2044,204.841,-42.979,5.89646
2045,200.316,-51.1392,5.4949
2046,221.972,-13.4326,23.4197
2047,217.148,-21.7395,23.2201
2048,212.323,-30.0465,23.0206
2049,207.499,-38.3534,22.8211
2050,202.675,-46.6604,22.6215
2051,225.27,-9.13693,40.0278
2052,220.108,-17.583,39.9977
2053,214.945,-26.0291,39.9675
2054,209.782,-34.4752,39.9374
2055,204.619,-42.9213,39.9072
2056,228.19,-5.54531,56.8783
2057,222.683,-14.1215,56.9786
2058,217.175,-22.6977,57.0789
2059,211.668,-31.2739,57.1792
2060,206.161,-39.8501,57.2794
2061,230.827,-2.74445,73.8704
2062,224.952,-11.4097,74.0804
2063,219.076,-20.0749,74.2904
2064,213.201,-28.7402,74.5003
2065,207.325,-37.4054,74.7103
2066,233.027,-0.62488,90.8349
2067,226.806,-9.35375,91.1565
2068,220.585,-18.0826,91.4782
2069,214.364,-26.8115,91.7998
2070,208.143,-35.5404,92.1215
2071,234.722,0.934517,107.819
2072,228.2,-7.84649,108.241
2073,221.677,-16.6275,108.662
2074,215.155,-25.4085,109.084
2075,208.633,-34.1895,109.505
2076,235.859,2.0357,124.819
2077,229.096,-6.79862,125.342
2078,222.333,-15.6329,125.865
2079,215.57,-24.4673,126.388
2080,208.807,-33.3016,126.911
2081,236.668,2.55117,141.93
2082,229.696,-6.32148,142.52
2083,222.724,-15.1941,143.11
2084,215.753,-24.0668,143.699
2085,208.781,-32.9394,144.289
2086,237.174,2.49357,159.232
2087,230.005,-6.37542,159.818
2088,222.835,-15.2444,160.404
2089,215.666,-24.1134,160.99
2090,208.497,-32.9824,161.575
2091,237.367,1.9037,176.62
2092,230.018,-6.91863,177.185
2093,222.668,-15.741,177.749
2094,215.318,-24.5633,178.314
2095,207.968,-33.3856,178.879
2096,237.323,0.75828,194.07
2097,229.767,-7.92523,194.591
2098,222.211,-16.6087,195.113
2099,214.655,-25.2922,195.634
2100,207.099,-33.9757,196.156
2101,236.997,-0.852643,211.562
2102,229.265,-9.36007,212.02
2103,221.532,-17.8675,212.477
2104,213.799,-26.3749,212.934
2105,206.066,-34.8824,213.391
2106,236.428,-2.90936,229.073
2107,228.558,-11.2124,229.44
2108,220.687,-19.5154,229.807
2109,212.816,-27.8184,230.174
2110,204.945,-36.1214,230.541
2111,235.624,-5.35405,246.557
2112,227.65,-13.4236,246.826
2113,219.677,-21.4932,247.095
2114,211.704,-29.5628,247.365
2115,203.73,-37.6323,247.634
2116,234.649,-8.17722,263.946
2117,226.6,-15.9792,264.121
2118,218.551,-23.7812,264.296
2119,210.502,-31.5833,264.472
2120,202.453,-39.3853,264.647
2121,233.427,-11.2427,281.284
2122,225.353,-18.7714,281.373
2123,217.279,-26.3001,281.461
2124,209.205,-33.8287,281.55
2125,201.132,-41.3574,281.638
2126,231.974,-14.4948,298.549
2127,223.93,-21.7529,298.561
2128,215.886,-29.0111,298.573
2129,207.842,-36.2693,298.585
2130,199.798,-43.5275,298.597
2131,230.345,-17.911,315.706
2132,222.38,-24.9034,315.654
2133,214.416,-31.8958,315.602
2134,206.452,-38.8882,315.551
2135,198.488,-45.8805,315.499
2136,228.531,-21.4189,332.774
2137,220.703,-28.163,332.678
2138,212.874,-34.9072,332.582
2139,205.046,-41.6514,332.486
2140,197.218,-48.3956,332.39
2141,226.593,-25.0108,349.734
2142,218.94,-31.5113,349.623
2143,211.287,-38.0118,349.512
2144,203.633,-44.5123,349.4
2145,195.98,-51.0128,349.289
2146,224.553,-28.6663,366.645
2147,217.124,-34.9391,366.526
2148,209.695,-41.2119,366.406
2149,202.266,-47.4848,366.287
2150,194.837,-53.7576,366.168
2151,222.44,-32.295,383.343
2152,215.262,-38.3494,383.291
2153,208.083,-44.4039,383.239
2154,200.905,-50.4584,383.187
2155,193.726,-56.5128,383.135
2156,220.267,-35.911,400
2157,213.395,-41.7746,400
2158,206.523,-47.6381,400
2159,199.651,-53.5017,400
2160,192.779,-59.3652,400
2161,227.324,-51.3135,-200
2162,215.521,-74.7952,-200
2163,203.717,-98.2768,-200
2164,191.914,-121.759,-200
2165,180.11,-145.24,-200
2166,227.324,-51.3135,-175
2167,215.541,-74.8053,-175
2168,203.757,-98.297,-175
2169,191.974,-121.789,-175
2170,180.191,-145.281,-175
2171,227.324,-51.3135,-150
2172,215.561,-74.8154,-150
2173,203.798,-98.3172,-150
2174,192.034,-121.819,-150
2175,180.271,-145.321,-150
2176,220.435,-59.9538,-133.335
2177,211.102,-78.6024,-133.335
2178,201.77,-97.2509,-133.334
2179,192.437,-115.899,-133.334
2180,183.104,-134.548,-133.334
2181,213.547,-68.5905,-116.667
2182,206.644,-82.3875,-116.667
2183,199.742,-96.1844,-116.666
2184,192.839,-109.981,-116.666
2185,185.936,-123.778,-116.665
2186,206.659,-77.2275,-100
2187,202.187,-86.1717,-100
2188,197.715,-95.116,-100
2189,193.242,-104.06,-100
2190,188.77,-113.005,-100
2191,210.841,-69.7209,-85.1765
2192,206.528,-78.2434,-85.5678
2193,202.214,-86.766,-85.9591
2194,197.901,-95.2885,-86.3505
2195,193.587,-103.811,-86.7418
2196,215.144,-62.2809,-70.1178
2197,210.882,-70.4838,-70.7624
2198,206.621,-78.6867,-71.4069
2199,202.36,-86.8896,-72.0514
2200,198.099,-95.0925,-72.696
2201,219.415,-55.0248,-54.9078
2202,215.14,-63.0245,-55.6636
2203,210.865,-71.0242,-56.4194
2204,206.59,-79.0239,-57.1752
2205,202.315,-87.0236,-57.9311
2206,223.603,-48.0549,-39.5312
2207,219.251,-55.9672,-40.2701
2208,214.9,-63.8794,-41.009
2209,210.548,-71.7917,-41.7479
2210,206.196,-79.704,-42.4868
2211,227.724,-41.5036,-23.911
2212,223.222,-49.4394,-24.5488
2213,218.719,-57.3753,-25.1867
2214,214.217,-65.3111,-25.8245
2215,209.714,-73.2469,-26.4624
2216,231.736,-35.5328,-8.04962
2217,227.009,-43.5794,-8.53007
2218,222.283,-51.6261,-9.01052
2219,217.557,-59.6727,-9.49097
2220,212.83,-67.7194,-9.97142
2221,235.545,-30.2614,8.08601
2222,230.516,-38.4624,7.78178
2223,225.486,-46.6633,7.47755
2224,220.457,-54.8643,7.17332
2225,215.427,-63.0653,6.8691
2226,239.128,-25.8052,24.467
2227,233.739,-34.1631,24.3459
2228,228.349,-42.5211,24.2248
2229,222.959,-50.879,24.1036
2230,217.57,-59.237,23.9825
2231,242.415,-22.1215,41.099
2232,236.638,-30.6168,41.1263
2233,230.861,-39.1121,41.1536
2234,225.084,-47.6074,41.1809
2235,219.307,-56.1027,41.2081
2236,245.337,-19.1675,57.9321
2237,239.162,-27.7682,58.0728
2238,232.987,-36.369,58.2135
2239,226.812,-44.9698,58.3543
2240,220.637,-53.5705,58.495
2241,247.934,-16.9725,74.9235
2242,241.346,-25.6275,75.1467
2243,234.759,-34.2825,75.3698
2244,228.171,-42.9375,75.5929
2245,221.583,-51.5925,75.8161
2246,250.136,-15.4665,91.975
2247,243.142,-24.1232,92.2683
2248,236.148,-32.7799,92.5616
2249,229.154,-41.4366,92.8548
2250,222.16,-50.0933,93.1481
2251,251.944,-14.6043,109.083
2252,244.561,-23.2139,109.438
2253,237.179,-31.8236,109.794
2254,229.797,-40.4332,110.15
2255,222.414,-49.0428,110.505
2256,253.007,-13.9694,126.128
2257,245.353,-22.5878,126.546
2258,237.7,-31.2062,126.963
2259,230.047,-39.8246,127.381
2260,222.394,-48.4429,127.798
2261,253.52,-13.6694,143.273
2262,245.667,-22.3136,143.733
2263,237.813,-30.9577,144.194
2264,229.96,-39.6019,144.654
2265,222.106,-48.2461,145.115
2266,253.721,-13.9148,160.545
2267,245.683,-22.5377,160.987
2268,237.645,-31.1606,161.428
2269,229.607,-39.7836,161.87
2270,221.569,-48.4065,162.312
2271,253.602,-14.6575,177.882
2272,245.404,-23.2182,178.293
2273,237.205,-31.7789,178.704
2274,229.006,-40.3396,179.115
2275,220.808,-48.9004,179.526
2276,253.222,-15.9167,195.266
2277,244.849,-24.3244,195.637
2278,236.476,-32.7321,196.007
2279,228.103,-41.1398,196.378
2280,219.731,-49.5475,196.749
2281,252.549,-17.6022,212.68
2282,244.031,-25.8185,212.99
2283,235.514,-34.0347,213.3
2284,226.996,-42.2509,213.61
2285,218.479,-50.4672,213.919
2286,251.639,-19.7233,230.097
2287,243.017,-27.7242,230.328
2288,234.395,-35.725,230.558
2289,225.773,-43.7259,230.788
2290,217.152,-51.7267,231.018
2291,250.475,-22.1793,247.438
2292,241.785,-29.9421,247.591
2293,233.096,-37.705,247.744
2294,224.407,-45.4678,247.897
2295,215.717,-53.2307,248.05
2296,249.134,-25.006,264.708
2297,240.41,-32.5041,264.782
2298,231.685,-40.0023,264.857
2299,222.961,-47.5005,264.931
2300,214.236,-54.9987,265.006
2301,247.534,-28.031,281.929
2302,238.823,-35.2652,281.934
2303,230.112,-42.4995,281.939
2304,221.401,-49.7337,281.944
2305,212.69,-56.9679,281.95
2306,245.728,-31.2618,299.093
2307,237.08,-38.236,299.037
2308,228.431,-45.2103,298.982
2309,219.783,-52.1846,298.926
2310,211.134,-59.1588,298.87
2311,243.745,-34.6449,316.159
2312,235.207,-41.3711,316.054
2313,226.669,-48.0972,315.949
2314,218.131,-54.8234,315.844
2315,209.593,-61.5495,315.74
2316,241.592,-38.135,333.135
2317,233.217,-44.6355,332.999
2318,224.843,-51.1359,332.864
2319,216.468,-57.6363,332.728
2320,208.094,-64.1368,332.593
2321,239.314,-41.7131,350.014
2322,231.143,-48.0022,349.874
2323,222.972,-54.2913,349.734
2324,214.801,-60.5804,349.593
2325,206.63,-66.8694,349.453
2326,236.941,-45.3784,366.832
2327,229.019,-51.4747,366.696
2328,221.096,-57.571,366.559
2329,213.174,-63.6674,366.423
2330,205.252,-69.7637,366.287
2331,234.531,-49.0883,383.454
2332,226.87,-54.9855,383.387
2333,219.209,-60.8827,383.32
2334,211.548,-66.7799,383.253
2335,203.888,-72.6771,383.186
2336,232.043,-52.7658,400
2337,224.699,-58.5064,400
2338,217.355,-64.2471,400
2339,210.011,-69.9877,400
2340,202.666,-75.7284,400
2341,246.571,-60.9883,-200
2342,234.768,-84.47,-200
2343,222.964,-107.952,-200
2344,211.161,-131.433,-200
2345,199.357,-154.915,-200
2346,246.571,-60.9883,-175
2347,234.784,-84.4784,-175
2348,222.998,-107.969,-175
2349,211.211,-131.459,-175
2350,199.424,-154.949,-175
2351,246.571,-60.9883,-150
2352,234.801,-84.4868,-150
2353,223.031,-107.985,-150
2354,211.261,-131.484,-150
2355,199.491,-154.982,-150
2356,238.999,-69.2698,-133.335
2357,229.661,-87.9164,-133.334
2358,220.324,-106.563,-133.334
2359,210.987,-125.21,-133.333
2360,201.65,-143.856,-133.333
2361,231.427,-77.5488,-116.668
2362,224.523,-91.3444,-116.667
2363,217.618,-105.14,-116.667
2364,210.713,-118.936,-116.666
2365,203.808,-132.731,-116.665
2366,223.857,-85.8264,-100
2367,219.384,-94.7706,-100
2368,214.912,-103.715,-100
2369,210.44,-112.659,-100
2370,205.968,-121.603,-100
2371,227.855,-78.8556,-84.8874
2372,223.469,-87.3129,-85.2616
2373,219.083,-95.7703,-85.6357
2374,214.697,-104.228,-86.0098
2375,210.311,-112.685,-86.3839
2376,231.965,-71.9952,-69.6027
2377,227.574,-80.0923,-70.2009
2378,223.184,-88.1894,-70.7992
2379,218.793,-96.2865,-71.3974
2380,214.402,-104.384,-71.9957
2381,236.058,-65.3362,-54.1752
2382,231.601,-73.2185,-54.8627
2383,227.143,-81.1008,-55.5502
2384,222.686,-88.983,-56.2377
2385,218.228,-96.8653,-56.9252
2386,240.077,-58.9717,-38.5649
2387,235.49,-66.7832,-39.2362
2388,230.902,-74.5947,-39.9074
2389,226.315,-82.4063,-40.5787
2390,221.728,-90.2178,-41.25
2391,244.071,-53.1177,-22.7762
2392,239.273,-60.9676,-23.3485
2393,234.474,-68.8174,-23.9208
2394,229.676,-76.6672,-24.4931
2395,224.877,-84.5171,-25.0654
2396,247.971,-47.91,-6.788
2397,242.886,-55.8766,-7.20794
2398,237.801,-63.8432,-7.62788
2399,232.716,-71.8098,-8.04782
2400,227.631,-79.7765,-8.46776
2401,251.663,-43.4373,9.44478
2402,246.216,-51.5517,9.1857
2403,240.768,-59.6662,8.92661
2404,235.321,-67.7806,8.66753
2405,229.874,-75.8951,8.40844
2406,255.1,-39.7801,25.8937
2407,249.247,-48.0349,25.7909
2408,243.395,-56.2898,25.6881
2409,237.542,-64.5446,25.5852
2410,231.689,-72.7995,25.4824
2411,258.192,-36.8615,42.5542
2412,251.916,-45.2192,42.5769
2413,245.64,-53.5769,42.5996
2414,239.364,-61.9347,42.6224
2415,233.088,-70.2924,42.6451
2416,260.901,-34.6433,59.3791
2417,254.202,-43.0639,59.4951
2418,247.504,-51.4845,59.6111
2419,240.806,-59.9052,59.7272
2420,234.107,-68.3258,59.8432
2421,263.251,-33.134,76.345
2422,256.122,-41.5502,76.5341
2423,248.993,-49.9663,76.7232
2424,241.865,-58.3825,76.9122
2425,234.736,-66.7986,77.1013
2426,265.181,-32.2436,93.349
2427,257.644,-40.6069,93.5985
2428,250.106,-48.9703,93.8481
2429,242.569,-57.3337,94.0977
2430,235.032,-65.6971,94.3472
2431,266.728,-31.9591,110.416
2432,258.794,-40.2029,110.72
2433,250.861,-48.4467,111.024
2434,242.927,-56.6905,111.328
2435,234.993,-64.9343,111.632
2436,267.576,-31.7801,127.572
2437,259.36,-39.9804,127.882
2438,251.144,-48.1806,128.192
2439,242.928,-56.3809,128.502
2440,234.712,-64.5812,128.812
2441,267.874,-31.8237,144.79
2442,259.453,-40.0131,145.085
2443,251.032,-48.2025,145.38
2444,242.611,-56.3919,145.674
2445,234.19,-64.5814,145.969
2446,267.812,-32.299,162.049
2447,259.212,-40.439,162.308
2448,250.612,-48.5789,162.567
2449,242.013,-56.7189,162.826
2450,233.413,-64.8589,163.085
2451,267.413,-33.1843,179.327
2452,258.649,-41.2193,179.552
2453,249.886,-49.2542,179.776
2454,241.122,-57.2891,180
2455,232.359,-65.324,180.225
2456,266.741,-34.5239,196.63
2457,257.824,-42.3914,196.818
2458,248.907,-50.259,197.007
2459,239.99,-58.1265,197.195
2460,231.073,-65.994,197.384
2461,265.762,-36.2065,213.933
2462,256.733,-43.889,214.069
2463,247.705,-51.5714,214.204
2464,238.676,-59.2539,214.339
2465,229.648,-66.9364,214.475
2466,264.596,-38.351,231.175
2467,255.481,-45.8112,231.258
2468,246.367,-53.2714,231.341
2469,237.253,-60.7316,231.425
2470,228.138,-68.1919,231.508
2471,263.18,-40.7842,248.336
2472,254.014,-48.0016,248.367
2473,244.848,-55.219,248.399
2474,235.683,-62.4364,248.431
2475,226.517,-69.6538,248.462
2476,261.542,-43.5062,265.473
2477,252.372,-50.4804,265.446
2478,243.201,-57.4545,265.418
2479,234.031,-64.4287,265.39
2480,224.86,-71.4028,265.362
2481,259.655,-46.3925,282.562
2482,250.53,-53.1408,282.489
2483,241.404,-59.8891,282.417
2484,232.279,-66.6375,282.344
2485,223.154,-73.3858,282.272
2486,257.583,-49.4987,299.609
2487,248.539,-56.0107,299.498
2488,239.495,-62.5226,299.387
2489,230.45,-69.0346,299.276
2490,221.406,-75.5465,299.165
2491,255.331,-52.7361,316.56
2492,246.421,-59.0439,316.421
2493,237.51,-65.3516,316.282
2494,228.6,-71.6594,316.143
2495,219.689,-77.9671,316.004
2496,252.933,-56.1138,333.436
2497,244.196,-62.2246,333.28
2498,235.459,-68.3355,333.124
2499,226.722,-74.4464,332.968
2500,217.985,-80.5573,332.812
2501,250.409,-59.5803,350.211
2502,241.891,-65.5284,350.067
2503,233.372,-71.4766,349.923
2504,224.854,-77.4247,349.779
2505,216.335,-83.3729,349.634
2506,247.803,-63.1822,366.94
2507,239.538,-68.9716,366.808
2508,231.273,-74.761,366.677
2509,223.007,-80.5505,366.545
2510,214.742,-86.3399,366.414
2511,245.154,-66.8548,383.496
2512,237.157,-72.4857,383.434
2513,229.161,-78.1166,383.372
2514,221.164,-83.7475,383.31
2515,213.167,-89.3784,383.248
2516,242.415,-70.5189,400
2517,234.739,-76.0327,400
2518,227.062,-81.5466,400
2519,219.385,-87.0604,400
2520,211.709,-92.5742,400
2521,265.818,-70.6632,-200
2522,254.015,-94.1449,-200
2523,242.211,-117.627,-200
2524,230.408,-141.108,-200
2525,218.604,-164.59,-200
2526,265.818,-70.6632,-175
2527,254.028,-94.1516,-175
2528,242.238,-117.64,-175
2529,230.448,-141.128,-175
2530,218.658,-164.617,-175
2531,265.818,-70.6632,-150
2532,254.041,-94.1583,-150
2533,242.265,-117.653,-150
2534,230.488,-141.149,-150
2535,218.711,-164.644,-150
2536,257.563,-78.5857,-133.335
2537,248.221,-97.2303,-133.334
2538,238.879,-115.875,-133.334
2539,229.537,-134.52,-133.333
2540,220.196,-153.164,-133.333
2541,249.308,-86.5065,-116.668
2542,242.401,-100.301,-116.667
2543,235.494,-114.095,-116.667
2544,228.587,-127.89,-116.666
2545,221.68,-141.684,-116.666
2546,241.054,-94.4253,-100
2547,236.582,-103.37,-100
2548,232.11,-112.314,-100
2549,227.638,-121.258,-100
2550,223.166,-130.202,-100
2551,244.706,-88.236,-84.526
2552,240.283,-96.5974,-84.8901
2553,235.86,-104.959,-85.2542
2554,231.437,-113.32,-85.6183
2555,227.014,-121.681,-85.9824
2556,248.43,-82.1574,-68.9182
2557,243.977,-90.1034,-69.5006
2558,239.525,-98.0494,-70.0829
2559,235.072,-105.995,-70.6652
2560,230.619,-113.941,-71.2476
2561,252.113,-76.2722,-53.1911
2562,247.576,-83.9819,-53.8616
2563,243.04,-91.6916,-54.5321
2564,238.503,-99.4012,-55.2026
2565,233.966,-107.111,-55.8731
2566,255.844,-70.8101,-37.3403
2567,251.134,-78.4221,-37.9913
2568,246.424,-86.0341,-38.6424
2569,241.714,-93.6461,-39.2935
2570,237.004,-101.258,-39.9446
2571,259.546,-65.9029,-21.3541
2572,254.575,-73.5236,-21.9062
2573,249.603,-81.1443,-22.4582
2574,244.632,-88.7651,-23.0103
2575,239.661,-96.3858,-23.5624
2576,263.134,-61.6672,-5.20006
2577,257.832,-69.3735,-5.61319
2578,252.53,-77.0799,-6.02632
2579,247.228,-84.7863,-6.43945
2580,241.926,-92.4926,-6.85258
2581,266.468,-58.1448,11.1636
2582,260.779,-65.9676,10.8859
2583,255.091,-73.7904,10.6083
2584,249.402,-81.6132,10.3306
2585,243.713,-89.4359,10.0529
2586,269.513,-55.4022,27.6987
2587,263.402,-63.3125,27.5559
2588,257.29,-71.2228,27.4131
2589,251.178,-79.1331,27.2703
2590,245.067,-87.0434,27.1274
2591,272.187,-53.3446,44.3801
2592,265.647,-61.2992,44.3212
2593,259.107,-69.2538,44.2623
2594,252.567,-77.2084,44.2033
2595,246.027,-85.1631,44.1444
2596,274.465,-51.9142,61.1808
2597,267.511,-59.8691,61.201
2598,260.558,-67.824,61.2212
2599,253.605,-75.7789,61.2414
2600,246.652,-83.7338,61.2616
2601,276.372,-51.1119,78.0881
2602,269.007,-58.9963,78.1823
2603,261.642,-66.8807,78.2764
2604,254.277,-74.7652,78.3706
2605,246.911,-82.6496,78.4647
2606,277.859,-50.8199,95.0192
2607,270.116,-58.5982,95.174
2608,262.373,-66.3766,95.3288
2609,254.63,-74.155,95.4836
2610,246.887,-81.9334,95.6384
2611,278.948,-50.9968,112.058
2612,270.851,-58.6202,112.246
2613,262.754,-66.2436,112.434
2614,254.657,-73.867,112.621
2615,246.56,-81.4905,112.809
2616,279.426,-51.176,129.263
2617,271.073,-58.7302,129.428
2618,262.721,-66.2844,129.593
2619,254.369,-73.8385,129.758
2620,246.016,-81.3927,129.922
2621,279.457,-51.5738,146.489
2622,270.903,-59.0738,146.621
2623,262.35,-66.5737,146.752
2624,253.796,-74.0736,146.884
2625,245.242,-81.5736,147.015
2626,279.131,-52.2843,163.695
2627,270.39,-59.6776,163.783
2628,261.649,-67.071,163.871
2629,252.908,-74.4644,163.959
2630,244.167,-81.8577,164.047
2631,278.461,-53.2635,180.874
2632,269.564,-60.5291,180.923
2633,260.666,-67.7947,180.973
2634,251.768,-75.0603,181.022
2635,242.871,-82.326,181.071
2636,277.581,-54.7369,198.068
2637,268.542,-61.8177,198.083
2638,259.504,-68.8984,198.099
2639,250.466,-75.9792,198.114
2640,241.427,-83.06,198.13
2641,276.429,-56.4898,215.134
2642,267.283,-63.3735,215.126
2643,258.136,-70.2573,215.118
2644,248.99,-77.141,215.11
2645,239.844,-84.0248,215.101
2646,275.052,-58.5924,232.213
2647,265.834,-65.2605,232.173
2648,256.616,-71.9286,232.134
2649,247.398,-78.5967,232.095
2650,238.18,-85.2648,232.055
2651,273.415,-60.8755,249.221
2652,264.167,-67.3401,249.152
2653,254.919,-73.8046,249.082
2654,245.671,-80.2691,249.012
2655,236.423,-86.7336,248.942
2656,271.585,-63.4584,266.228
2657,262.343,-69.7026,266.119
2658,253.1,-75.9468,266.009
2659,243.857,-82.191,265.9
2660,234.614,-88.4352,265.79
2661,269.516,-66.1447,283.173
2662,260.322,-72.1973,283.044
2663,251.128,-78.2499,282.916
2664,241.934,-84.3025,282.788
2665,232.739,-90.3552,282.66
2666,267.278,-69.0642,300.105
2667,258.171,-74.9225,299.955
2668,249.064,-80.7808,299.805
2669,239.957,-86.6391,299.654
2670,230.85,-92.4974,299.504
2671,264.867,-72.0892,316.929
2672,255.894,-77.7914,316.77
2673,246.921,-83.4936,316.611
2674,237.948,-89.1957,316.452
2675,228.975,-94.8979,316.294
2676,262.322,-75.281,333.702
2677,253.52,-80.8329,333.538
2678,244.718,-86.3848,333.374
2679,235.916,-91.9366,333.21
2680,227.114,-97.4885,333.046
2681,259.648,-78.5636,350.385
2682,251.06,-84.0055,350.243
2683,242.471,-89.4474,350.1
2684,233.883,-94.8893,349.958
2685,225.295,-100.331,349.815
2686,256.89,-82.0134,367.042
2687,248.549,-87.3483,366.915
2688,240.208,-92.6831,366.787
2689,231.867,-98.018,366.66
2690,223.526,-103.353,366.533
2691,254.073,-85.549,383.545
2692,245.994,-90.7761,383.484
2693,237.914,-96.0031,383.423
2694,229.835,-101.23,383.362
2695,221.756,-106.457,383.302
2696,251.174,-89.1194,400
2697,243.4,-94.2803,400
2698,235.627,-99.4413,400
2699,227.853,-104.602,400
2700,220.08,-109.763,400
2701,285.065,-80.338,-200
2702,273.262,-103.82,-200
2703,261.458,-127.301,-200
2704,249.654,-150.783,-200
2705,237.851,-174.265,-200
2706,285.065,-80.338,-175
2707,273.272,-103.825,-175
2708,261.478,-127.311,-175
2709,249.685,-150.798,-175
2710,237.891,-174.285,-175
2711,285.065,-80.338,-150
2712,273.282,-103.83,-150
2713,261.498,-127.322,-150
2714,249.715,-150.813,-150
2715,237.931,-174.305,-150
2716,276.127,-87.9016,-133.334
2717,266.78,-106.544,-133.334
2718,257.434,-125.187,-133.333
2719,248.088,-143.829,-133.333
2720,238.741,-162.472,-133.332
2721,267.189,-95.4639,-116.668
2722,260.28,-109.257,-116.667
2723,253.371,-123.05,-116.667
2724,246.461,-136.844,-116.666
2725,239.552,-150.637,-116.666
2726,258.252,-103.024,-100
2727,253.78,-111.968,-100
2728,249.308,-120.913,-100
2729,244.836,-129.857,-100
2730,240.364,-138.801,-100
2731,261.339,-97.8572,-84.0687
2732,256.919,-106.085,-84.4382
2733,252.499,-114.312,-84.8078
2734,248.079,-122.54,-85.1773
2735,243.658,-130.767,-85.5469
2736,264.478,-92.816,-68.0734
2737,260.036,-100.533,-68.6644
2738,255.594,-108.25,-69.2554
2739,251.152,-115.966,-69.8464
2740,246.71,-123.683,-70.4374
2741,267.603,-88.0088,-52.033
2742,263.074,-95.4142,-52.7123
2743,258.544,-102.819,-53.3917
2744,254.015,-110.225,-54.071
2745,249.485,-117.63,-54.7503
2746,270.817,-83.6972,-35.9504
2747,266.103,-90.9388,-36.6124
2748,261.388,-98.1803,-37.2743
2749,256.674,-105.422,-37.9362
2750,251.96,-112.663,-38.5981
2751,273.973,-79.9254,-19.7483
2752,268.99,-87.119,-20.3254
2753,264.008,-94.3127,-20.9025
2754,259.025,-101.506,-21.4796
2755,254.042,-108.7,-22.0567
2756,276.99,-76.8066,-3.41786
2757,271.674,-84.0266,-3.88196
2758,266.358,-91.2466,-4.34607
2759,261.042,-98.4666,-4.81017
2760,255.726,-105.687,-5.27427
2761,279.719,-74.3329,13.0683
2762,274.024,-81.6008,12.7224
2763,268.328,-88.8686,12.3765
2764,262.633,-96.1364,12.0307
2765,256.937,-103.404,11.6848
2766,282.144,-72.5535,29.6664
2767,276.049,-79.8442,29.4124
2768,269.955,-87.1348,29.1584
2769,263.86,-94.4254,28.9044
2770,257.766,-101.716,28.6503
2771,284.192,-71.3435,46.3656
2772,277.714,-78.6229,46.1903
2773,271.236,-85.9022,46.0149
2774,264.758,-93.1816,45.8395
2775,258.28,-100.461,45.6641
2776,285.863,-70.6569,63.1343
2777,279.013,-77.8774,63.0334
2778,272.163,-85.0979,62.9324
2779,265.314,-92.3184,62.8314
2780,258.464,-99.5389,62.7304
2781,287.191,-70.5072,79.9605
2782,279.976,-77.6015,79.9347
2783,272.76,-84.6958,79.9089
2784,265.545,-91.7901,79.8831
2785,258.33,-98.8844,79.8573
2786,288.112,-70.6986,96.791
2787,280.572,-77.6551,96.8223
2788,273.033,-84.6115,96.8536
2789,265.493,-91.568,96.8849
2790,257.953,-98.5244,96.9162
2791,288.628,-71.1345,113.83
2792,280.799,-77.9399,113.858
2793,272.97,-84.7452,113.885
2794,265.141,-91.5506,113.913
2795,257.311,-98.356,113.94
2796,288.682,-71.5964,131.093
2797,280.627,-78.3059,131.061
2798,272.572,-85.0154,131.029
2799,264.517,-91.7248,130.997
2800,256.462,-98.4343,130.965
2801,288.4,-72.3045,148.262
2802,280.154,-78.9114,148.191
2803,271.907,-85.5184,148.121
2804,263.66,-92.1253,148.051
2805,255.413,-98.7323,147.98
2806,287.819,-73.2789,165.418
2807,279.394,-79.7387,165.298
2808,270.969,-86.1985,165.178
2809,262.544,-92.6584,165.058
2810,254.119,-99.1182,164.939
2811,286.968,-74.4917,182.37
2812,278.385,-80.7857,182.246
2813,269.803,-87.0797,182.122
2814,261.221,-93.3737,181.998
2815,252.638,-99.6676,181.874
2816,285.888,-76.0379,199.347
2817,277.174,-82.1406,199.219
2818,268.46,-88.2432,199.09
2819,259.746,-94.3459,198.961
2820,251.031,-100.449,198.832
2821,284.546,-77.7518,216.288
2822,275.74,-83.6795,216.148
2823,266.933,-89.6071,216.007
2824,258.127,-95.5348,215.867
2825,249.32,-101.462,215.727
2826,283.006,-79.7713,233.22
2827,274.134,-85.5034,233.068
2828,265.263,-91.2355,232.915
2829,256.391,-96.9677,232.763
2830,247.519,-102.7,232.611
2831,281.239,-81.9448,250.107
2832,272.336,-87.4921,249.94
2833,263.433,-93.0394,249.773
2834,254.53,-98.5867,249.606
2835,245.627,-104.134,249.439
2836,279.281,-84.3261,266.967
2837,270.383,-89.6949,266.786
2838,261.485,-95.0637,266.605
2839,252.587,-100.432,266.424
2840,243.689,-105.801,266.243
2841,277.124,-86.8424,283.798
2842,268.265,-92.0505,283.612
2843,259.406,-97.2585,283.426
2844,250.547,-102.467,283.239
2845,241.688,-107.675,283.053
2846,274.797,-89.5198,300.599
2847,266.017,-94.5878,300.41
2848,257.238,-99.6557,300.221
2849,248.459,-104.724,300.031
2850,239.68,-109.792,299.842
2851,272.326,-92.3616,317.327
2852,263.662,-97.3102,317.138
2853,254.999,-102.259,316.949
2854,246.336,-107.207,316.759
2855,237.673,-112.156,316.57
2856,269.71,-95.3022,333.981
2857,261.201,-100.158,333.803
2858,252.692,-105.015,333.625
2859,244.183,-109.871,333.447
2860,235.674,-114.727,333.269
2861,266.982,-98.406,350.594
2862,258.663,-103.197,350.44
2863,250.344,-107.987,350.285
2864,242.025,-112.778,350.131
2865,233.707,-117.569,349.977
2866,264.147,-101.627,367.16
2867,256.056,-106.374,367.029
2868,247.964,-111.122,366.898
2869,239.873,-115.869,366.767
2870,231.781,-120.617,366.635
2871,261.26,-105.022,383.611
2872,253.406,-109.713,383.542
2873,245.552,-114.405,383.474
2874,237.699,-119.096,383.405
2875,229.845,-123.787,383.337
2876,258.272,-108.416,400
2877,250.697,-113.106,400
2878,243.122,-117.797,400
2879,235.548,-122.487,400
2880,227.973,-127.178,400
2881,304.312,-90.0129,-200
2882,292.508,-113.495,-200
2883,280.705,-136.976,-200
2884,268.901,-160.458,-200
2885,257.098,-183.94,-200
2886,304.312,-90.0129,-175
2887,292.515,-113.498,-175
2888,280.718,-136.983,-175
2889,268.921,-160.468,-175
2890,257.125,-183.953,-175
2891,304.312,-90.0129,-150
2892,292.522,-113.501,-150
2893,280.732,-136.99,-150
2894,268.941,-160.478,-150
2895,257.151,-183.967,-150
2896,294.691,-97.2174,-133.334
2897,285.34,-115.858,-133.334
2898,275.989,-134.498,-133.333
2899,266.638,-153.138,-133.333
2900,257.288,-171.779,-133.333
2901,285.07,-104.421,-116.667
2902,278.159,-118.213,-116.667
2903,271.247,-132.005,-116.667
2904,264.336,-145.798,-116.666
2905,257.424,-159.59,-116.666
2906,275.45,-111.623,-100
2907,270.978,-120.567,-100
2908,266.506,-129.512,-100
2909,262.034,-138.456,-100
2910,257.561,-147.4,-100
2911,277.735,-107.755,-83.6191
2912,273.364,-115.803,-83.9945
2913,268.994,-123.852,-84.3698
2914,264.623,-131.901,-84.7452
2915,260.252,-139.949,-85.1206
2916,280.072,-104.034,-67.2746
2917,275.722,-111.424,-67.8653
2918,271.372,-118.813,-68.456
2919,267.022,-126.202,-69.0467
2920,262.673,-133.592,-69.6374
2921,282.463,-100.602,-50.9486
2922,278.046,-107.546,-51.6234
2923,273.629,-114.49,-52.2982
2924,269.212,-121.434,-52.973
2925,264.795,-128.378,-53.6478
2926,284.903,-97.6274,-34.6178
2927,280.327,-104.297,-35.2809
2928,275.751,-110.967,-35.944
2929,271.175,-117.636,-36.6071
2930,266.599,-124.306,-37.2701
2931,287.249,-95.128,-18.2056
2932,282.446,-101.665,-18.8097
2933,277.643,-108.203,-19.4137
2934,272.841,-114.74,-20.0178
2935,268.038,-121.278,-20.6218
2936,289.439,-93.1987,-1.70458
2937,284.348,-99.6808,-2.22815
2938,279.257,-106.163,-2.75172
2939,274.166,-112.645,-3.27529
2940,269.075,-119.127,-3.79886
2941,291.334,-91.7803,14.8921
2942,285.92,-98.2379,14.4542
2943,280.507,-104.696,14.0162
2944,275.093,-111.153,13.5782
2945,269.679,-117.611,13.1402
2946,292.943,-90.9182,31.5361
2947,287.2,-97.3364,31.1864
2948,281.456,-103.755,30.8368
2949,275.713,-110.173,30.4871
2950,269.97,-116.591,30.1374
2951,294.21,-90.4777,48.2169
2952,288.158,-96.8397,47.9428
2953,282.106,-103.202,47.6688
2954,276.054,-109.564,47.3947
2955,270.002,-115.926,47.1206
2956,295.149,-90.4187,64.9476
2957,288.796,-96.6859,64.7397
2958,282.443,-102.953,64.5318
2959,276.091,-109.22,64.3239
2960,269.738,-115.487,64.1161
2961,295.813,-90.8112,81.7611
2962,289.161,-96.9181,81.597
2963,282.51,-103.025,81.4329
2964,275.858,-109.132,81.2688
2965,269.206,-115.239,81.1047
2966,296.089,-91.287,98.69
2967,289.183,-97.2609,98.5257
2968,282.277,-103.235,98.3614
2969,275.37,-109.209,98.1971
2970,268.464,-115.183,98.0328
2971,296.033,-91.8976,115.79
2972,288.901,-97.7381,115.587
2973,281.768,-103.579,115.383
2974,274.636,-109.419,115.18
2975,267.503,-115.26,114.977
2976,295.677,-92.6652,132.929
2977,288.349,-98.3757,132.673
2978,281.02,-104.086,132.418
2979,273.691,-109.797,132.162
2980,266.362,-115.507,131.906
2981,295.077,-93.6529,149.846
2982,287.574,-99.2254,149.596
2983,280.071,-104.798,149.346
2984,272.569,-110.37,149.096
2985,265.066,-115.943,148.845
2986,294.245,-94.878,166.77
2987,286.577,-100.275,166.517
2988,278.909,-105.673,166.264
2989,271.241,-111.07,166.011
2990,263.573,-116.468,165.758
2991,293.167,-96.1942,183.648
2992,285.354,-101.417,183.393
2993,277.54,-106.64,183.137
2994,269.726,-111.862,182.881
2995,261.912,-117.085,182.626
2996,291.898,-97.7872,200.512
2997,283.965,-102.828,200.263
2998,276.031,-107.868,200.014
2999,268.098,-112.908,199.765
3000,260.165,-117.949,199.516
3001,290.418,-99.5129,217.355
3002,282.395,-104.387,217.107
3003,274.372,-109.261,216.859
3004,266.35,-114.135,216.611
3005,258.327,-119.009,216.363
3006,288.755,-101.441,234.154
3007,280.665,-106.142,233.912
3008,272.574,-110.844,233.671
3009,264.484,-115.546,233.429
3010,256.393,-120.248,233.188
3011,286.909,-103.524,250.946
3012,278.78,-108.062,250.7
3013,270.652,-112.6,250.454
3014,262.523,-117.139,250.209
3015,254.395,-121.677,249.963
3016,284.889,-105.735,267.676
3017,276.752,-110.132,267.437
3018,268.615,-114.529,267.198
3019,260.478,-118.926,266.959
3020,252.341,-123.323,266.72
3021,282.705,-108.108,284.418
3022,274.588,-112.371,284.18
3023,266.47,-116.634,283.941
3024,258.353,-120.896,283.702
3025,250.236,-125.159,283.464
3026,280.361,-110.564,301.089
3027,272.302,-114.739,300.868
3028,264.243,-118.914,300.648
3029,256.183,-123.088,300.427
3030,248.124,-127.263,300.207
3031,277.891,-113.225,317.725
3032,269.919,-117.315,317.514
3033,261.946,-121.405,317.303
3034,253.973,-125.496,317.091
3035,246.001,-129.586,316.88
3036,275.283,-115.92,334.25
3037,267.433,-119.976,334.072
3038,259.583,-124.033,333.893
3039,251.733,-128.089,333.715
3040,243.883,-132.146,333.536
3041,272.562,-118.819,350.783
3042,264.865,-122.854,350.632
3043,257.168,-126.888,350.48
3044,249.471,-130.923,350.329
3045,241.774,-134.957,350.178
3046,269.729,-121.793,367.245
3047,262.224,-125.851,367.129
3048,254.719,-129.908,367.013
3049,247.213,-133.966,366.897
3050,239.708,-138.024,366.781
3051,266.833,-125.021,383.661
3052,259.53,-129.077,383.593
3053,252.227,-133.134,383.525
3054,244.924,-137.19,383.458
3055,237.621,-141.247,383.39
3056,263.825,-128.213,400
3057,256.769,-132.337,400
3058,249.714,-136.461,400
3059,242.658,-140.586,400
3060,235.602,-144.71,400
3061,323.559,-99.6877,-200
3062,311.755,-123.169,-200
3063,299.952,-146.651,-200
3064,288.148,-170.133,-200
3065,276.345,-193.614,-200
3066,323.559,-99.6877,-175
3067,311.759,-123.171,-175
3068,299.958,-146.654,-175
3069,288.158,-170.138,-175
3070,276.358,-193.621,-175
3071,323.559,-99.6877,-150
3072,311.762,-123.173,-150
3073,299.965,-146.658,-150
3074,288.168,-170.143,-150
3075,276.371,-193.628,-150
3076,313.255,-106.533,-133.334
3077,303.9,-125.171,-133.334
3078,294.544,-143.809,-133.333
3079,285.189,-162.447,-133.333
3080,275.834,-181.086,-133.333
3081,302.951,-113.378,-116.667
3082,296.037,-127.169,-116.667
3083,289.124,-140.96,-116.667
3084,282.21,-154.751,-116.666
3085,275.296,-168.543,-116.666
3086,292.648,-120.222,-100
3087,288.176,-129.166,-100
3088,283.704,-138.111,-100
3089,279.231,-147.055,-100
3090,274.759,-155.999,-100
3091,293.922,-117.958,-83.3144
3092,289.641,-125.768,-83.6653
3093,285.36,-133.578,-84.0162
3094,281.079,-141.388,-84.3671
3095,276.798,-149.198,-84.718
3096,295.268,-115.869,-66.7537
3097,291.086,-122.807,-67.2836
3098,286.904,-129.745,-67.8136
3099,282.723,-136.684,-68.3436
3100,278.541,-143.622,-68.8736
3101,296.672,-114.046,-50.1795
3102,292.495,-120.356,-50.7851
3103,288.317,-126.666,-51.3906
3104,284.14,-132.976,-51.9962
3105,279.963,-139.286,-52.6017
3106,298.023,-112.522,-33.6094
3107,293.779,-118.421,-34.2151
3108,289.534,-124.321,-34.8209
3109,285.289,-130.221,-35.4267
3110,281.044,-136.12,-36.0325
3111,299.309,-111.397,-16.9618
3112,294.925,-117.042,-17.5413
3113,290.541,-122.688,-18.1207
3114,286.157,-128.334,-18.7002
3115,281.773,-133.98,-19.2797
3116,300.397,-110.617,-0.293831
3117,295.832,-116.126,-0.823075
3118,291.268,-121.635,-1.35232
3119,286.703,-127.144,-1.88156
3120,282.139,-132.652,-2.41081
3121,301.253,-110.185,16.3859
3122,296.473,-115.607,15.9208
3123,291.693,-121.03,15.4558
3124,286.913,-126.452,14.9907
3125,282.133,-131.875,14.5257
3126,301.887,-110.126,33.0937
3127,296.889,-115.472,32.6881
3128,291.891,-120.819,32.2826
3129,286.893,-126.165,31.877
3130,281.894,-131.511,31.4714
3131,302.262,-110.319,49.8147
3132,297.053,-115.582,49.4627
3133,291.844,-120.846,49.1108
3134,286.634,-126.11,48.7588
3135,281.425,-131.373,48.4068
3136,302.37,-110.668,66.5485
3137,296.957,-115.847,66.2427
3138,291.544,-121.026,65.9369
3139,286.131,-126.205,65.6312
3140,280.718,-131.384,65.3254
3141,302.281,-111.337,83.4506
3142,296.661,-116.381,83.1455
3143,291.04,-121.426,82.8403
3144,285.42,-126.471,82.5351
3145,279.8,-131.515,82.23
3146,301.935,-112.069,100.398
3147,296.131,-116.994,100.075
3148,290.327,-121.919,99.7527
3149,284.522,-126.843,99.4302
3150,278.718,-131.768,99.1078
3151,301.368,-112.903,117.31
3152,295.387,-117.695,116.977
3153,289.405,-122.488,116.645
3154,283.424,-127.28,116.312
3155,277.443,-132.072,115.98
3156,300.618,-113.971,134.259
3157,294.472,-118.605,133.911
3158,288.326,-123.24,133.564
3159,282.18,-127.874,133.216
3160,276.034,-132.508,132.868
3161,299.692,-115.19,151.063
3162,293.393,-119.66,150.731
3163,287.093,-124.13,150.399
3164,280.794,-128.6,150.067
3165,274.494,-133.071,149.735
3166,298.582,-116.538,167.901
3167,292.137,-120.829,167.57
3168,285.691,-125.12,167.238
3169,279.246,-129.411,166.906
3170,272.801,-133.702,166.575
3171,297.297,-117.949,184.659
3172,290.718,-122.068,184.343
3173,284.139,-126.187,184.027
3174,277.56,-130.306,183.711
3175,270.981,-134.425,183.395
3176,295.856,-119.568,201.445
3177,289.166,-123.52,201.146
3178,282.476,-127.472,200.847
3179,275.787,-131.424,200.549
3180,269.097,-135.376,200.25
3181,294.257,-121.279,218.167
3182,287.476,-125.083,217.884
3183,280.694,-128.887,217.601
3184,273.913,-132.691,217.317
3185,267.131,-136.495,217.034
3186,292.512,-123.16,234.889
3187,285.659,-126.809,234.618
3188,278.807,-130.457,234.347
3189,271.954,-134.106,234.076
3190,265.102,-137.754,233.805
3191,290.619,-125.144,251.562
3192,283.712,-128.664,251.307
3193,276.805,-132.184,251.052
3194,269.899,-135.704,250.797
3195,262.992,-139.223,250.542
3196,288.585,-127.262,268.226
3197,281.652,-130.659,267.983
3198,274.718,-134.056,267.741
3199,267.784,-137.453,267.499
3200,260.851,-140.85,267.256
3201,286.414,-129.488,284.859
3202,279.47,-132.784,284.628
3203,272.526,-136.08,284.397
3204,265.582,-139.376,284.166
3205,258.638,-142.672,283.935
3206,284.109,-131.83,301.473
3207,277.191,-135.065,301.265
3208,270.273,-138.301,301.058
3209,263.356,-141.536,300.85
3210,256.438,-144.772,300.642
3211,281.689,-134.314,318.003
3212,274.82,-137.514,317.823
3213,267.951,-140.715,317.643
3214,261.082,-143.916,317.462
3215,254.213,-147.117,317.282
3216,279.148,-136.863,334.47
3217,272.353,-140.051,334.321
3218,265.557,-143.239,334.173
3219,258.762,-146.427,334.024
3220,251.967,-149.615,333.876
3221,276.492,-139.544,350.91
3222,269.808,-142.779,350.803
3223,263.124,-146.014,350.697
3224,256.44,-149.249,350.591
3225,249.756,-152.484,350.485
3226,273.727,-142.35,367.325
3227,267.177,-145.634,367.239
3228,260.627,-148.917,367.153
3229,254.076,-152.2,367.067
3230,247.526,-155.484,366.982
3231,270.877,-145.364,383.692
3232,264.484,-148.711,383.639
3233,258.092,-152.058,383.586
3234,251.7,-155.406,383.534
3235,245.307,-158.753,383.481
3236,267.915,-148.364,400
3237,261.709,-151.849,400
3238,255.504,-155.333,400
3239,249.298,-158.817,400
3240,243.092,-162.301,400
3241,342.806,-109.363,-200
3242,331.002,-132.844,-200
3243,319.199,-156.326,-200
3244,307.395,-179.808,-200
3245,295.592,-203.289,-200
3246,342.806,-109.363,-175
3247,331.002,-132.844,-175
3248,319.199,-156.326,-175
3249,307.395,-179.808,-175
3250,295.592,-203.289,-175
3251,342.806,-109.363,-150
3252,331.002,-132.844,-150
3253,319.199,-156.326,-150
3254,307.395,-179.808,-150
3255,295.592,-203.289,-150
3256,331.819,-115.849,-133.333
3257,322.459,-134.485,-133.333
3258,313.1,-153.12,-133.333
3259,303.74,-171.756,-133.333
3260,294.38,-190.392,-133.333
3261,320.832,-122.335,-116.667
3262,313.916,-136.125,-116.667
3263,307,-149.915,-116.667
3264,300.085,-163.705,-116.667
3265,293.169,-177.495,-116.667
3266,309.846,-128.821,-100
3267,305.373,-137.765,-100
3268,300.901,-146.709,-100
3269,296.429,-155.654,-100
3270,291.957,-164.598,-100
3271,310.115,-128.547,-83.1797
3272,305.918,-136.028,-83.4597
3273,301.721,-143.509,-83.7398
3274,297.524,-150.989,-84.0198
3275,293.327,-158.47,-84.2999
3276,310.276,-128.383,-66.3565
3277,306.294,-134.71,-66.7954
3278,302.312,-141.038,-67.2344
3279,298.331,-147.365,-67.6733
3280,294.349,-153.692,-68.1122
3281,310.328,-128.33,-49.5319
3282,306.5,-133.802,-50.0429
3283,302.671,-139.273,-50.5538
3284,298.842,-144.745,-51.0648
3285,295.013,-150.216,-51.5757
3286,310.271,-128.389,-32.7074
3287,306.536,-133.271,-33.2369
3288,302.8,-138.153,-33.7664
3289,299.065,-143.035,-34.2958
3290,295.33,-147.917,-34.8253
3291,310.104,-128.558,-15.8843
3292,306.408,-133.071,-16.4044
3293,302.713,-137.583,-16.9244
3294,299.017,-142.095,-17.4445
3295,295.322,-146.608,-17.9645
3296,309.827,-128.84,0.935827
3297,306.126,-133.144,0.436055
3298,302.425,-137.449,-0.0637182
3299,298.723,-141.753,-0.563491
3300,295.022,-146.057,-1.06326
3301,309.44,-129.233,17.7515
3302,305.697,-133.43,17.2739
3303,301.955,-137.627,16.7963
3304,298.212,-141.823,16.3187
3305,294.469,-146.02,15.8411
3306,308.943,-129.738,34.5614
3307,305.133,-133.866,34.1048
3308,301.322,-137.994,33.6483
3309,297.511,-142.121,33.1918
3310,293.701,-146.249,32.7353
3311,308.336,-130.355,51.3639
3312,304.438,-134.415,50.9274
3313,300.541,-138.475,50.4909
3314,296.643,-142.535,50.0544
3315,292.745,-146.595,49.6179
3316,307.62,-131.083,68.1576
3317,303.619,-135.07,67.7402
3318,299.619,-139.056,67.3228
3319,295.619,-143.043,66.9054
3320,291.618,-147.029,66.488
3321,306.793,-131.923,84.9411
3322,302.679,-135.823,84.5421
3323,298.565,-139.722,84.1432
3324,294.451,-143.622,83.7443
3325,290.337,-147.522,83.3454
3326,305.857,-132.874,101.713
3327,301.623,-136.668,101.332
3328,297.388,-140.462,100.952
3329,293.153,-144.255,100.571
3330,288.919,-148.049,100.191
3331,304.812,-133.937,118.471
3332,300.453,-137.608,118.11
3333,296.093,-141.278,117.748
3334,291.734,-144.949,117.386
3335,287.375,-148.619,117.024
3336,303.656,-135.111,135.215
3337,299.172,-138.645,134.873
3338,294.687,-142.179,134.53
3339,290.203,-145.713,134.187
3340,285.718,-149.247,133.844
3341,302.392,-136.396,151.943
3342,297.783,-139.784,151.62
3343,293.174,-143.172,151.297
3344,288.565,-146.56,150.974
3345,283.957,-149.948,150.651
3346,301.018,-137.792,168.654
3347,296.288,-141.029,168.351
3348,291.559,-144.265,168.049
3349,286.829,-147.501,167.746
3350,282.099,-150.738,167.443
3351,299.536,-139.299,185.346
3352,294.691,-142.382,185.064
3353,289.846,-145.466,184.783
3354,285.001,-148.55,184.502
3355,280.156,-151.634,184.221
3356,297.945,-140.915,202.017
3357,292.993,-143.849,201.758
3358,288.04,-146.782,201.499
3359,283.088,-149.716,201.241
3360,278.135,-152.649,200.982
3361,296.246,-142.642,218.667
3362,291.196,-145.432,218.431
3363,286.146,-148.222,218.196
3364,281.096,-151.012,217.961
3365,276.046,-153.802,217.726
3366,294.44,-144.478,235.293
3367,289.303,-147.134,235.083
3368,284.166,-149.79,234.872
3369,279.03,-152.446,234.662
3370,273.893,-155.102,234.452
3371,292.526,-146.423,251.895
3372,287.317,-148.961,251.71
3373,282.108,-151.499,251.526
3374,276.899,-154.037,251.341
3375,271.69,-156.575,251.156
3376,290.505,-148.477,268.472
3377,285.238,-150.913,268.313
3378,279.971,-153.349,268.155
3379,274.705,-155.786,267.996
3380,269.438,-158.222,267.838
3381,288.378,-150.639,285.021
3382,283.071,-152.996,284.889
3383,277.764,-155.354,284.757
3384,272.457,-157.712,284.625
3385,267.15,-160.07,284.493
3386,286.144,-152.908,301.542
3387,280.816,-155.213,301.436
3388,275.487,-157.518,301.331
3389,270.159,-159.824,301.225
3390,264.83,-162.129,301.12
3391,283.806,-155.285,318.033
3392,278.476,-157.568,317.953
3393,273.147,-159.851,317.873
3394,267.818,-162.134,317.793
3395,262.489,-164.418,317.713
3396,281.362,-157.768,334.493
3397,276.054,-160.064,334.437
3398,270.747,-162.359,334.381
3399,265.439,-164.654,334.325
3400,260.132,-166.949,334.269
3401,278.814,-160.358,350.921
3402,273.553,-162.704,350.887
3403,268.291,-165.05,350.852
3404,263.029,-167.395,350.817
3405,257.768,-169.741,350.782
3406,276.162,-163.053,367.316
3407,270.973,-165.492,367.299
3408,265.783,-167.931,367.281
3409,260.594,-170.37,367.264
3410,255.404,-172.809,367.247
3411,273.407,-165.853,383.676
3412,268.318,-168.432,383.671
3413,263.229,-171.012,383.665
3414,258.139,-173.592,383.66
3415,253.05,-176.171,383.655
3416,270.55,-168.757,400
3417,265.59,-171.527,400
3418,260.63,-174.297,400
3419,255.671,-177.067,400
3420,250.711,-179.838,400
