    1,  16,   1,   6,  11,  17,   2,   7,  12
    2,  17,   2,   7,  12,  18,   3,   8,  13
    3,  18,   3,   8,  13,  19,   4,   9,  14
    4,  19,   4,   9,  14,  20,   5,  10,  15
    5,  11,   6,  21,  26,  12,   7,  22,  27
    6,  12,   7,  22,  27,  13,   8,  23,  28
    7,  13,   8,  23,  28,  14,   9,  24,  29
    8,  14,   9,  24,  29,  15,  10,  25,  30
    9,  26,  21,  31,  36,  27,  22,  32,  37
   10,  27,  22,  32,  37,  28,  23,  33,  38
   11,  28,  23,  33,  38,  29,  24,  34,  39
   12,  29,  24,  34,  39,  30,  25,  35,  40
   13,  36,  31,  41,  46,  37,  32,  42,  47
   14,  37,  32,  42,  47,  38,  33,  43,  48
   15,  38,  33,  43,  48,  39,  34,  44,  49
   16,  39,  34,  44,  49,  40,  35,  45,  50
   17,  46,  41,  51,  56,  47,  42,  52,  57
   18,  47,  42,  52,  57,  48,  43,  53,  58
   19,  48,  43,  53,  58,  49,  44,  54,  59
   20,  49,  44,  54,  59,  50,  45,  55,  60
   21,  56,  51,  61,  66,  57,  52,  62,  67
   22,  57,  52,  62,  67,  58,  53,  63,  68
   23,  58,  53,  63,  68,  59,  54,  64,  69
   24,  59,  54,  64,  69,  60,  55,  65,  70
   25,  66,  61,  71,  76,  67,  62,  72,  77
   26,  67,  62,  72,  77,  68,  63,  73,  78
   27,  68,  63,  73,  78,  69,  64,  74,  79
   28,  69,  64,  74,  79,  70,  65,  75,  80
   29,  76,  71,  81,  86,  77,  72,  82,  87
   30,  77,  72,  82,  87,  78,  73,  83,  88
   31,  78,  73,  83,  88,  79,  74,  84,  89
   32,  79,  74,  84,  89,  80,  75,  85,  90
   33,  86,  81,  91,  96,  87,  82,  92,  97
   34,  87,  82,  92,  97,  88,  83,  93,  98
   35,  88,  83,  93,  98,  89,  84,  94,  99
   36,  89,  84,  94,  99,  90,  85,  95,   100
   37,  96,  91,   101,   106,  97,  92,   102,   107
   38,  97,  92,   102,   107,  98,  93,   103,   108
   39,  98,  93,   103,   108,  99,  94,   104,   109
   40,  99,  94,   104,   109,   100,  95,   105,   110
   41,   106,   101,   111,   116,   107,   102,   112,   117
   42,   107,   102,   112,   117,   108,   103,   113,   118
   43,   108,   103,   113,   118,   109,   104,   114,   119
   44,   109,   104,   114,   119,   110,   105,   115,   120
   45,   116,   111,   121,   126,   117,   112,   122,   127
   46,   117,   112,   122,   127,   118,   113,   123,   128
   47,   118,   113,   123,   128,   119,   114,   124,   129
   48,   119,   114,   124,   129,   120,   115,   125,   130
   49,   126,   121,   131,   136,   127,   122,   132,   137
   50,   127,   122,   132,   137,   128,   123,   133,   138
   51,   128,   123,   133,   138,   129,   124,   134,   139
   52,   129,   124,   134,   139,   130,   125,   135,   140
   53,   136,   131,   141,   146,   137,   132,   142,   147
   54,   137,   132,   142,   147,   138,   133,   143,   148
   55,   138,   133,   143,   148,   139,   134,   144,   149
   56,   139,   134,   144,   149,   140,   135,   145,   150
   57,   146,   141,   151,   156,   147,   142,   152,   157
   58,   147,   142,   152,   157,   148,   143,   153,   158
   59,   148,   143,   153,   158,   149,   144,   154,   159
   60,   149,   144,   154,   159,   150,   145,   155,   160
   61,   156,   151,   161,   166,   157,   152,   162,   167
   62,   157,   152,   162,   167,   158,   153,   163,   168
   63,   158,   153,   163,   168,   159,   154,   164,   169
   64,   159,   154,   164,   169,   160,   155,   165,   170
   65,   166,   161,   171,   176,   167,   162,   172,   177
   66,   167,   162,   172,   177,   168,   163,   173,   178
   67,   168,   163,   173,   178,   169,   164,   174,   179
   68,   169,   164,   174,   179,   170,   165,   175,   180
   69,   176,   171,   181,   186,   177,   172,   182,   187
   70,   177,   172,   182,   187,   178,   173,   183,   188
   71,   178,   173,   183,   188,   179,   174,   184,   189
   72,   179,   174,   184,   189,   180,   175,   185,   190
   73,   186,   181,   191,   196,   187,   182,   192,   197
   74,   187,   182,   192,   197,   188,   183,   193,   198
   75,   188,   183,   193,   198,   189,   184,   194,   199
   76,   189,   184,   194,   199,   190,   185,   195,   200
   77,   196,   191,   201,   206,   197,   192,   202,   207
   78,   197,   192,   202,   207,   198,   193,   203,   208
   79,   198,   193,   203,   208,   199,   194,   204,   209
   80,   199,   194,   204,   209,   200,   195,   205,   210
   81,   206,   201,   211,   216,   207,   202,   212,   217
   82,   207,   202,   212,   217,   208,   203,   213,   218
   83,   208,   203,   213,   218,   209,   204,   214,   219
   84,   209,   204,   214,   219,   210,   205,   215,   220
   85,   216,   211,   221,   226,   217,   212,   222,   227
   86,   217,   212,   222,   227,   218,   213,   223,   228
   87,   218,   213,   223,   228,   219,   214,   224,   229
   88,   219,   214,   224,   229,   220,   215,   225,   230
   89,   226,   221,   231,   236,   227,   222,   232,   237
   90,   227,   222,   232,   237,   228,   223,   233,   238
   91,   228,   223,   233,   238,   229,   224,   234,   239
   92,   229,   224,   234,   239,   230,   225,   235,   240
   93,   236,   231,   241,   246,   237,   232,   242,   247
   94,   237,   232,   242,   247,   238,   233,   243,   248
   95,   238,   233,   243,   248,   239,   234,   244,   249
   96,   239,   234,   244,   249,   240,   235,   245,   250
   97,   246,   241,   251,   256,   247,   242,   252,   257
   98,   247,   242,   252,   257,   248,   243,   253,   258
   99,   248,   243,   253,   258,   249,   244,   254,   259
  100,   249,   244,   254,   259,   250,   245,   255,   260
  101,   256,   251,   261,   266,   257,   252,   262,   267
  102,   257,   252,   262,   267,   258,   253,   263,   268
  103,   258,   253,   263,   268,   259,   254,   264,   269
  104,   259,   254,   264,   269,   260,   255,   265,   270
  105,   266,   261,   271,   276,   267,   262,   272,   277
  106,   267,   262,   272,   277,   268,   263,   273,   278
  107,   268,   263,   273,   278,   269,   264,   274,   279
  108,   269,   264,   274,   279,   270,   265,   275,   280
  109,   276,   271,   281,   286,   277,   272,   282,   287
  110,   277,   272,   282,   287,   278,   273,   283,   288
  111,   278,   273,   283,   288,   279,   274,   284,   289
  112,   279,   274,   284,   289,   280,   275,   285,   290
  113,   286,   281,   291,   296,   287,   282,   292,   297
  114,   287,   282,   292,   297,   288,   283,   293,   298
  115,   288,   283,   293,   298,   289,   284,   294,   299
  116,   289,   284,   294,   299,   290,   285,   295,   300
  117,   296,   291,   301,   306,   297,   292,   302,   307
  118,   297,   292,   302,   307,   298,   293,   303,   308
  119,   298,   293,   303,   308,   299,   294,   304,   309
  120,   299,   294,   304,   309,   300,   295,   305,   310
  121,   306,   301,   311,   316,   307,   302,   312,   317
  122,   307,   302,   312,   317,   308,   303,   313,   318
  123,   308,   303,   313,   318,   309,   304,   314,   319
  124,   309,   304,   314,   319,   310,   305,   315,   320
  125,   316,   311,   321,   326,   317,   312,   322,   327
  126,   317,   312,   322,   327,   318,   313,   323,   328
  127,   318,   313,   323,   328,   319,   314,   324,   329
  128,   319,   314,   324,   329,   320,   315,   325,   330
  129,   326,   321,   331,   336,   327,   322,   332,   337
  130,   327,   322,   332,   337,   328,   323,   333,   338
  131,   328,   323,   333,   338,   329,   324,   334,   339
  132,   329,   324,   334,   339,   330,   325,   335,   340
  133,   336,   331,   341,   346,   337,   332,   342,   347
  134,   337,   332,   342,   347,   338,   333,   343,   348
  135,   338,   333,   343,   348,   339,   334,   344,   349
  136,   339,   334,   344,   349,   340,   335,   345,   350
  137,   346,   341,   351,   356,   347,   342,   352,   357
  138,   347,   342,   352,   357,   348,   343,   353,   358
  139,   348,   343,   353,   358,   349,   344,   354,   359
  140,   349,   344,   354,   359,   350,   345,   355,   360
  141,   356,   351,   361,   366,   357,   352,   362,   367
  142,   357,   352,   362,   367,   358,   353,   363,   368
  143,   358,   353,   363,   368,   359,   354,   364,   369
  144,   359,   354,   364,   369,   360,   355,   365,   370
  145,   366,   361,   371,   376,   367,   362,   372,   377
  146,   367,   362,   372,   377,   368,   363,   373,   378
  147,   368,   363,   373,   378,   369,   364,   374,   379
  148,   369,   364,   374,   379,   370,   365,   375,   380
  149,   376,   371,   381,   386,   377,   372,   382,   387
  150,   377,   372,   382,   387,   378,   373,   383,   388
  151,   378,   373,   383,   388,   379,   374,   384,   389
  152,   379,   374,   384,   389,   380,   375,   385,   390
  153,   386,   381,   391,   396,   387,   382,   392,   397
  154,   387,   382,   392,   397,   388,   383,   393,   398
  155,   388,   383,   393,   398,   389,   384,   394,   399
  156,   389,   384,   394,   399,   390,   385,   395,   400
  157,   396,   391,   401,   406,   397,   392,   402,   407
  158,   397,   392,   402,   407,   398,   393,   403,   408
  159,   398,   393,   403,   408,   399,   394,   404,   409
  160,   399,   394,   404,   409,   400,   395,   405,   410
  161,   406,   401,   411,   416,   407,   402,   412,   417
  162,   407,   402,   412,   417,   408,   403,   413,   418
  163,   408,   403,   413,   418,   409,   404,   414,   419
  164,   409,   404,   414,   419,   410,   405,   415,   420
  165,   416,   411,   421,   426,   417,   412,   422,   427
  166,   417,   412,   422,   427,   418,   413,   423,   428
  167,   418,   413,   423,   428,   419,   414,   424,   429
  168,   419,   414,   424,   429,   420,   415,   425,   430
  169,   426,   421,   431,   436,   427,   422,   432,   437
  170,   427,   422,   432,   437,   428,   423,   433,   438
  171,   428,   423,   433,   438,   429,   424,   434,   439
  172,   429,   424,   434,   439,   430,   425,   435,   440
  173,   436,   431,   441,   446,   437,   432,   442,   447
  174,   437,   432,   442,   447,   438,   433,   443,   448
  175,   438,   433,   443,   448,   439,   434,   444,   449
  176,   439,   434,   444,   449,   440,   435,   445,   450
  177,   446,   441,   451,   456,   447,   442,   452,   457
  178,   447,   442,   452,   457,   448,   443,   453,   458
  179,   448,   443,   453,   458,   449,   444,   454,   459
  180,   449,   444,   454,   459,   450,   445,   455,   460
  181,   456,   451,   461,   466,   457,   452,   462,   467
  182,   457,   452,   462,   467,   458,   453,   463,   468
  183,   458,   453,   463,   468,   459,   454,   464,   469
  184,   459,   454,   464,   469,   460,   455,   465,   470
  185,   466,   461,   471,   476,   467,   462,   472,   477
  186,   467,   462,   472,   477,   468,   463,   473,   478
  187,   468,   463,   473,   478,   469,   464,   474,   479
  188,   469,   464,   474,   479,   470,   465,   475,   480
  189,   476,   471,   481,   486,   477,   472,   482,   487
  190,   477,   472,   482,   487,   478,   473,   483,   488
  191,   478,   473,   483,   488,   479,   474,   484,   489
  192,   479,   474,   484,   489,   480,   475,   485,   490
  193,   486,   481,   491,   496,   487,   482,   492,   497
  194,   487,   482,   492,   497,   488,   483,   493,   498
  195,   488,   483,   493,   498,   489,   484,   494,   499
  196,   489,   484,   494,   499,   490,   485,   495,   500
  197,   496,   491,   501,   506,   497,   492,   502,   507
  198,   497,   492,   502,   507,   498,   493,   503,   508
  199,   498,   493,   503,   508,   499,   494,   504,   509
  200,   499,   494,   504,   509,   500,   495,   505,   510
  201,   506,   501,   511,   516,   507,   502,   512,   517
  202,   507,   502,   512,   517,   508,   503,   513,   518
  203,   508,   503,   513,   518,   509,   504,   514,   519
  204,   509,   504,   514,   519,   510,   505,   515,   520
  205,   516,   511,   521,   526,   517,   512,   522,   527
  206,   517,   512,   522,   527,   518,   513,   523,   528
  207,   518,   513,   523,   528,   519,   514,   524,   529
  208,   519,   514,   524,   529,   520,   515,   525,   530
  209,   526,   521,   531,   536,   527,   522,   532,   537
  210,   527,   522,   532,   537,   528,   523,   533,   538
  211,   528,   523,   533,   538,   529,   524,   534,   539
  212,   529,   524,   534,   539,   530,   525,   535,   540
  213,   536,   531,   541,   546,   537,   532,   542,   547
  214,   537,   532,   542,   547,   538,   533,   543,   548
  215,   538,   533,   543,   548,   539,   534,   544,   549
  216,   539,   534,   544,   549,   540,   535,   545,   550
  217,   546,   541,   551,   556,   547,   542,   552,   557
  218,   547,   542,   552,   557,   548,   543,   553,   558
  219,   548,   543,   553,   558,   549,   544,   554,   559
  220,   549,   544,   554,   559,   550,   545,   555,   560
  221,   556,   551,   561,   566,   557,   552,   562,   567
  222,   557,   552,   562,   567,   558,   553,   563,   568
  223,   558,   553,   563,   568,   559,   554,   564,   569
  224,   559,   554,   564,   569,   560,   555,   565,   570
  225,   566,   561,   571,   576,   567,   562,   572,   577
  226,   567,   562,   572,   577,   568,   563,   573,   578
  227,   568,   563,   573,   578,   569,   564,   574,   579
  228,   569,   564,   574,   579,   570,   565,   575,   580
  229,   576,   571,   581,   586,   577,   572,   582,   587
  230,   577,   572,   582,   587,   578,   573,   583,   588
  231,   578,   573,   583,   588,   579,   574,   584,   589
  232,   579,   574,   584,   589,   580,   575,   585,   590
  233,   586,   581,   591,   596,   587,   582,   592,   597
  234,   587,   582,   592,   597,   588,   583,   593,   598
  235,   588,   583,   593,   598,   589,   584,   594,   599
  236,   589,   584,   594,   599,   590,   585,   595,   600
  237,   596,   591,   601,   606,   597,   592,   602,   607
  238,   597,   592,   602,   607,   598,   593,   603,   608
  239,   598,   593,   603,   608,   599,   594,   604,   609
  240,   599,   594,   604,   609,   600,   595,   605,   610
  241,   606,   601,   611,   616,   607,   602,   612,   617
  242,   607,   602,   612,   617,   608,   603,   613,   618
  243,   608,   603,   613,   618,   609,   604,   614,   619
  244,   609,   604,   614,   619,   610,   605,   615,   620
  245,   616,   611,   621,   626,   617,   612,   622,   627
  246,   617,   612,   622,   627,   618,   613,   623,   628
  247,   618,   613,   623,   628,   619,   614,   624,   629
  248,   619,   614,   624,   629,   620,   615,   625,   630
  249,   626,   621,   631,   636,   627,   622,   632,   637
  250,   627,   622,   632,   637,   628,   623,   633,   638
  251,   628,   623,   633,   638,   629,   624,   634,   639
  252,   629,   624,   634,   639,   630,   625,   635,   640
  253,   636,   631,   641,   646,   637,   632,   642,   647
  254,   637,   632,   642,   647,   638,   633,   643,   648
  255,   638,   633,   643,   648,   639,   634,   644,   649
  256,   639,   634,   644,   649,   640,   635,   645,   650
  257,   646,   641,   651,   656,   647,   642,   652,   657
  258,   647,   642,   652,   657,   648,   643,   653,   658
  259,   648,   643,   653,   658,   649,   644,   654,   659
  260,   649,   644,   654,   659,   650,   645,   655,   660
  261,   656,   651,   661,   666,   657,   652,   662,   667
  262,   657,   652,   662,   667,   658,   653,   663,   668
  263,   658,   653,   663,   668,   659,   654,   664,   669
  264,   659,   654,   664,   669,   660,   655,   665,   670
  265,   666,   661,   671,   676,   667,   662,   672,   677
  266,   667,   662,   672,   677,   668,   663,   673,   678
  267,   668,   663,   673,   678,   669,   664,   674,   679
  268,   669,   664,   674,   679,   670,   665,   675,   680
  269,   676,   671,   681,   686,   677,   672,   682,   687
  270,   677,   672,   682,   687,   678,   673,   683,   688
  271,   678,   673,   683,   688,   679,   674,   684,   689
  272,   679,   674,   684,   689,   680,   675,   685,   690
  273,   686,   681,   691,   696,   687,   682,   692,   697
  274,   687,   682,   692,   697,   688,   683,   693,   698
  275,   688,   683,   693,   698,   689,   684,   694,   699
  276,   689,   684,   694,   699,   690,   685,   695,   700
  277,   696,   691,   701,   706,   697,   692,   702,   707
  278,   697,   692,   702,   707,   698,   693,   703,   708
  279,   698,   693,   703,   708,   699,   694,   704,   709
  280,   699,   694,   704,   709,   700,   695,   705,   710
  281,   706,   701,   711,   716,   707,   702,   712,   717
  282,   707,   702,   712,   717,   708,   703,   713,   718
  283,   708,   703,   713,   718,   709,   704,   714,   719
  284,   709,   704,   714,   719,   710,   705,   715,   720
  285,   716,   711,   721,   726,   717,   712,   722,   727
  286,   717,   712,   722,   727,   718,   713,   723,   728
  287,   718,   713,   723,   728,   719,   714,   724,   729
  288,   719,   714,   724,   729,   720,   715,   725,   730
  365,   1,   921,   926,   6,   2,   922,   927,   7
  366,   2,   922,   927,   7,   3,   923,   928,   8
  367,   3,   923,   928,   8,   4,   924,   929,   9
  368,   4,   924,   929,   9,   5,   925,   930,  10
  369,   6,   926,   931,  21,   7,   927,   932,  22
  370,   7,   927,   932,  22,   8,   928,   933,  23
  371,   8,   928,   933,  23,   9,   929,   934,  24
  372,   9,   929,   934,  24,  10,   930,   935,  25
  373,  21,   931,   936,  31,  22,   932,   937,  32
  374,  22,   932,   937,  32,  23,   933,   938,  33
  375,  23,   933,   938,  33,  24,   934,   939,  34
  376,  24,   934,   939,  34,  25,   935,   940,  35
  377,  31,   936,   941,  41,  32,   937,   942,  42
  378,  32,   937,   942,  42,  33,   938,   943,  43
  379,  33,   938,   943,  43,  34,   939,   944,  44
  380,  34,   939,   944,  44,  35,   940,   945,  45
  381,  41,   941,   946,  51,  42,   942,   947,  52
  382,  42,   942,   947,  52,  43,   943,   948,  53
  383,  43,   943,   948,  53,  44,   944,   949,  54
  384,  44,   944,   949,  54,  45,   945,   950,  55
  385,  51,   946,   951,  61,  52,   947,   952,  62
  386,  52,   947,   952,  62,  53,   948,   953,  63
  387,  53,   948,   953,  63,  54,   949,   954,  64
  388,  54,   949,   954,  64,  55,   950,   955,  65
  389,  61,   951,   956,  71,  62,   952,   957,  72
  390,  62,   952,   957,  72,  63,   953,   958,  73
  391,  63,   953,   958,  73,  64,   954,   959,  74
  392,  64,   954,   959,  74,  65,   955,   960,  75
  393,  71,   956,   961,  81,  72,   957,   962,  82
  394,  72,   957,   962,  82,  73,   958,   963,  83
  395,  73,   958,   963,  83,  74,   959,   964,  84
  396,  74,   959,   964,  84,  75,   960,   965,  85
  397,  81,   961,   966,  91,  82,   962,   967,  92
  398,  82,   962,   967,  92,  83,   963,   968,  93
  399,  83,   963,   968,  93,  84,   964,   969,  94
  400,  84,   964,   969,  94,  85,   965,   970,  95
  401,  91,   966,   971,   101,  92,   967,   972,   102
  402,  92,   967,   972,   102,  93,   968,   973,   103
  403,  93,   968,   973,   103,  94,   969,   974,   104
  404,  94,   969,   974,   104,  95,   970,   975,   105
  405,   101,   971,   976,   111,   102,   972,   977,   112
  406,   102,   972,   977,   112,   103,   973,   978,   113
  407,   103,   973,   978,   113,   104,   974,   979,   114
  408,   104,   974,   979,   114,   105,   975,   980,   115
  409,   111,   976,   981,   121,   112,   977,   982,   122
  410,   112,   977,   982,   122,   113,   978,   983,   123
  411,   113,   978,   983,   123,   114,   979,   984,   124
  412,   114,   979,   984,   124,   115,   980,   985,   125
  413,   121,   981,   986,   131,   122,   982,   987,   132
  414,   122,   982,   987,   132,   123,   983,   988,   133
  415,   123,   983,   988,   133,   124,   984,   989,   134
  416,   124,   984,   989,   134,   125,   985,   990,   135
  417,   131,   986,   991,   141,   132,   987,   992,   142
  418,   132,   987,   992,   142,   133,   988,   993,   143
  419,   133,   988,   993,   143,   134,   989,   994,   144
  420,   134,   989,   994,   144,   135,   990,   995,   145
  421,   141,   991,   996,   151,   142,   992,   997,   152
  422,   142,   992,   997,   152,   143,   993,   998,   153
  423,   143,   993,   998,   153,   144,   994,   999,   154
  424,   144,   994,   999,   154,   145,   995,  1000,   155
  425,   151,   996,  1001,   161,   152,   997,  1002,   162
  426,   152,   997,  1002,   162,   153,   998,  1003,   163
  427,   153,   998,  1003,   163,   154,   999,  1004,   164
  428,   154,   999,  1004,   164,   155,  1000,  1005,   165
  429,   161,  1001,  1006,   171,   162,  1002,  1007,   172
  430,   162,  1002,  1007,   172,   163,  1003,  1008,   173
  431,   163,  1003,  1008,   173,   164,  1004,  1009,   174
  432,   164,  1004,  1009,   174,   165,  1005,  1010,   175
  433,   171,  1006,  1011,   181,   172,  1007,  1012,   182
  434,   172,  1007,  1012,   182,   173,  1008,  1013,   183
  435,   173,  1008,  1013,   183,   174,  1009,  1014,   184
  436,   174,  1009,  1014,   184,   175,  1010,  1015,   185
  437,   181,  1011,  1016,   191,   182,  1012,  1017,   192
  438,   182,  1012,  1017,   192,   183,  1013,  1018,   193
  439,   183,  1013,  1018,   193,   184,  1014,  1019,   194
  440,   184,  1014,  1019,   194,   185,  1015,  1020,   195
  441,   191,  1016,  1021,   201,   192,  1017,  1022,   202
  442,   192,  1017,  1022,   202,   193,  1018,  1023,   203
  443,   193,  1018,  1023,   203,   194,  1019,  1024,   204
  444,   194,  1019,  1024,   204,   195,  1020,  1025,   205
  445,   201,  1021,  1026,   211,   202,  1022,  1027,   212
  446,   202,  1022,  1027,   212,   203,  1023,  1028,   213
  447,   203,  1023,  1028,   213,   204,  1024,  1029,   214
  448,   204,  1024,  1029,   214,   205,  1025,  1030,   215
  449,   211,  1026,  1031,   221,   212,  1027,  1032,   222
  450,   212,  1027,  1032,   222,   213,  1028,  1033,   223
  451,   213,  1028,  1033,   223,   214,  1029,  1034,   224
  452,   214,  1029,  1034,   224,   215,  1030,  1035,   225
  453,   221,  1031,  1036,   231,   222,  1032,  1037,   232
  454,   222,  1032,  1037,   232,   223,  1033,  1038,   233
  455,   223,  1033,  1038,   233,   224,  1034,  1039,   234
  456,   224,  1034,  1039,   234,   225,  1035,  1040,   235
  457,   231,  1036,  1041,   241,   232,  1037,  1042,   242
  458,   232,  1037,  1042,   242,   233,  1038,  1043,   243
  459,   233,  1038,  1043,   243,   234,  1039,  1044,   244
  460,   234,  1039,  1044,   244,   235,  1040,  1045,   245
  461,   241,  1041,  1046,   251,   242,  1042,  1047,   252
  462,   242,  1042,  1047,   252,   243,  1043,  1048,   253
  463,   243,  1043,  1048,   253,   244,  1044,  1049,   254
  464,   244,  1044,  1049,   254,   245,  1045,  1050,   255
  465,   251,  1046,  1051,   261,   252,  1047,  1052,   262
  466,   252,  1047,  1052,   262,   253,  1048,  1053,   263
  467,   253,  1048,  1053,   263,   254,  1049,  1054,   264
  468,   254,  1049,  1054,   264,   255,  1050,  1055,   265
  469,   261,  1051,  1056,   271,   262,  1052,  1057,   272
  470,   262,  1052,  1057,   272,   263,  1053,  1058,   273
  471,   263,  1053,  1058,   273,   264,  1054,  1059,   274
  472,   264,  1054,  1059,   274,   265,  1055,  1060,   275
  473,   271,  1056,  1061,   281,   272,  1057,  1062,   282
  474,   272,  1057,  1062,   282,   273,  1058,  1063,   283
  475,   273,  1058,  1063,   283,   274,  1059,  1064,   284
  476,   274,  1059,  1064,   284,   275,  1060,  1065,   285
  477,   281,  1061,  1066,   291,   282,  1062,  1067,   292
  478,   282,  1062,  1067,   292,   283,  1063,  1068,   293
  479,   283,  1063,  1068,   293,   284,  1064,  1069,   294
  480,   284,  1064,  1069,   294,   285,  1065,  1070,   295
  481,   291,  1066,  1071,   301,   292,  1067,  1072,   302
  482,   292,  1067,  1072,   302,   293,  1068,  1073,   303
  483,   293,  1068,  1073,   303,   294,  1069,  1074,   304
  484,   294,  1069,  1074,   304,   295,  1070,  1075,   305
  485,   301,  1071,  1076,   311,   302,  1072,  1077,   312
  486,   302,  1072,  1077,   312,   303,  1073,  1078,   313
  487,   303,  1073,  1078,   313,   304,  1074,  1079,   314
  488,   304,  1074,  1079,   314,   305,  1075,  1080,   315
  489,   311,  1076,  1081,   321,   312,  1077,  1082,   322
  490,   312,  1077,  1082,   322,   313,  1078,  1083,   323
  491,   313,  1078,  1083,   323,   314,  1079,  1084,   324
  492,   314,  1079,  1084,   324,   315,  1080,  1085,   325
  493,   321,  1081,  1086,   331,   322,  1082,  1087,   332
  494,   322,  1082,  1087,   332,   323,  1083,  1088,   333
  495,   323,  1083,  1088,   333,   324,  1084,  1089,   334
  496,   324,  1084,  1089,   334,   325,  1085,  1090,   335
  497,   331,  1086,  1091,   341,   332,  1087,  1092,   342
  498,   332,  1087,  1092,   342,   333,  1088,  1093,   343
  499,   333,  1088,  1093,   343,   334,  1089,  1094,   344
  500,   334,  1089,  1094,   344,   335,  1090,  1095,   345
  501,   341,  1091,  1096,   351,   342,  1092,  1097,   352
  502,   342,  1092,  1097,   352,   343,  1093,  1098,   353
  503,   343,  1093,  1098,   353,   344,  1094,  1099,   354
  504,   344,  1094,  1099,   354,   345,  1095,  1100,   355
  505,   351,  1096,  1101,   361,   352,  1097,  1102,   362
  506,   352,  1097,  1102,   362,   353,  1098,  1103,   363
  507,   353,  1098,  1103,   363,   354,  1099,  1104,   364
  508,   354,  1099,  1104,   364,   355,  1100,  1105,   365
  509,   361,  1101,  1106,   371,   362,  1102,  1107,   372
  510,   362,  1102,  1107,   372,   363,  1103,  1108,   373
  511,   363,  1103,  1108,   373,   364,  1104,  1109,   374
  512,   364,  1104,  1109,   374,   365,  1105,  1110,   375
  513,   371,  1106,  1111,   381,   372,  1107,  1112,   382
  514,   372,  1107,  1112,   382,   373,  1108,  1113,   383
  515,   373,  1108,  1113,   383,   374,  1109,  1114,   384
  516,   374,  1109,  1114,   384,   375,  1110,  1115,   385
  517,   381,  1111,  1116,   391,   382,  1112,  1117,   392
  518,   382,  1112,  1117,   392,   383,  1113,  1118,   393
  519,   383,  1113,  1118,   393,   384,  1114,  1119,   394
  520,   384,  1114,  1119,   394,   385,  1115,  1120,   395
  521,   391,  1116,  1121,   401,   392,  1117,  1122,   402
  522,   392,  1117,  1122,   402,   393,  1118,  1123,   403
  523,   393,  1118,  1123,   403,   394,  1119,  1124,   404
  524,   394,  1119,  1124,   404,   395,  1120,  1125,   405
  525,   401,  1121,  1126,   411,   402,  1122,  1127,   412
  526,   402,  1122,  1127,   412,   403,  1123,  1128,   413
  527,   403,  1123,  1128,   413,   404,  1124,  1129,   414
  528,   404,  1124,  1129,   414,   405,  1125,  1130,   415
  529,   411,  1126,  1131,   421,   412,  1127,  1132,   422
  530,   412,  1127,  1132,   422,   413,  1128,  1133,   423
  531,   413,  1128,  1133,   423,   414,  1129,  1134,   424
  532,   414,  1129,  1134,   424,   415,  1130,  1135,   425
  533,   421,  1131,  1136,   431,   422,  1132,  1137,   432
  534,   422,  1132,  1137,   432,   423,  1133,  1138,   433
  535,   423,  1133,  1138,   433,   424,  1134,  1139,   434
  536,   424,  1134,  1139,   434,   425,  1135,  1140,   435
  537,   431,  1136,  1141,   441,   432,  1137,  1142,   442
  538,   432,  1137,  1142,   442,   433,  1138,  1143,   443
  539,   433,  1138,  1143,   443,   434,  1139,  1144,   444
  540,   434,  1139,  1144,   444,   435,  1140,  1145,   445
  541,   441,  1141,  1146,   451,   442,  1142,  1147,   452
  542,   442,  1142,  1147,   452,   443,  1143,  1148,   453
  543,   443,  1143,  1148,   453,   444,  1144,  1149,   454
  544,   444,  1144,  1149,   454,   445,  1145,  1150,   455
  545,   451,  1146,  1151,   461,   452,  1147,  1152,   462
  546,   452,  1147,  1152,   462,   453,  1148,  1153,   463
  547,   453,  1148,  1153,   463,   454,  1149,  1154,   464
  548,   454,  1149,  1154,   464,   455,  1150,  1155,   465
  549,   461,  1151,  1156,   471,   462,  1152,  1157,   472
  550,   462,  1152,  1157,   472,   463,  1153,  1158,   473
  551,   463,  1153,  1158,   473,   464,  1154,  1159,   474
  552,   464,  1154,  1159,   474,   465,  1155,  1160,   475
  553,   471,  1156,  1161,   481,   472,  1157,  1162,   482
  554,   472,  1157,  1162,   482,   473,  1158,  1163,   483
  555,   473,  1158,  1163,   483,   474,  1159,  1164,   484
  556,   474,  1159,  1164,   484,   475,  1160,  1165,   485
  557,   481,  1161,  1166,   491,   482,  1162,  1167,   492
  558,   482,  1162,  1167,   492,   483,  1163,  1168,   493
  559,   483,  1163,  1168,   493,   484,  1164,  1169,   494
  560,   484,  1164,  1169,   494,   485,  1165,  1170,   495
  561,   491,  1166,  1171,   501,   492,  1167,  1172,   502
  562,   492,  1167,  1172,   502,   493,  1168,  1173,   503
  563,   493,  1168,  1173,   503,   494,  1169,  1174,   504
  564,   494,  1169,  1174,   504,   495,  1170,  1175,   505
  565,   501,  1171,  1176,   511,   502,  1172,  1177,   512
  566,   502,  1172,  1177,   512,   503,  1173,  1178,   513
  567,   503,  1173,  1178,   513,   504,  1174,  1179,   514
  568,   504,  1174,  1179,   514,   505,  1175,  1180,   515
  569,   511,  1176,  1181,   521,   512,  1177,  1182,   522
  570,   512,  1177,  1182,   522,   513,  1178,  1183,   523
  571,   513,  1178,  1183,   523,   514,  1179,  1184,   524
  572,   514,  1179,  1184,   524,   515,  1180,  1185,   525
  573,   521,  1181,  1186,   531,   522,  1182,  1187,   532
  574,   522,  1182,  1187,   532,   523,  1183,  1188,   533
  575,   523,  1183,  1188,   533,   524,  1184,  1189,   534
  576,   524,  1184,  1189,   534,   525,  1185,  1190,   535
  577,   531,  1186,  1191,   541,   532,  1187,  1192,   542
  578,   532,  1187,  1192,   542,   533,  1188,  1193,   543
  579,   533,  1188,  1193,   543,   534,  1189,  1194,   544
  580,   534,  1189,  1194,   544,   535,  1190,  1195,   545
  581,   541,  1191,  1196,   551,   542,  1192,  1197,   552
  582,   542,  1192,  1197,   552,   543,  1193,  1198,   553
  583,   543,  1193,  1198,   553,   544,  1194,  1199,   554
  584,   544,  1194,  1199,   554,   545,  1195,  1200,   555
  585,   551,  1196,  1201,   561,   552,  1197,  1202,   562
  586,   552,  1197,  1202,   562,   553,  1198,  1203,   563
  587,   553,  1198,  1203,   563,   554,  1199,  1204,   564
  588,   554,  1199,  1204,   564,   555,  1200,  1205,   565
  589,   561,  1201,  1206,   571,   562,  1202,  1207,   572
  590,   562,  1202,  1207,   572,   563,  1203,  1208,   573
  591,   563,  1203,  1208,   573,   564,  1204,  1209,   574
  592,   564,  1204,  1209,   574,   565,  1205,  1210,   575
  593,   571,  1206,  1211,   581,   572,  1207,  1212,   582