1, 1, 2, 3, 4
2, 5, 6, 2, 1
3, 1, 4, 7, 5
4, 8, 9, 10, 11
5, 12, 13, 14, 15
6, 16, 17, 18, 19
7, 20, 21, 6, 5
8, 5, 7, 22, 20
9, 23, 24, 13, 12
10, 25, 26, 27, 28
11, 29, 30, 21, 20
12, 20, 22, 31, 29
13, 32, 33, 34, 35
14, 36, 37, 38, 39
15, 38, 37, 24, 23
16, 40, 41, 42, 43
17, 44, 45, 30, 29
18, 29, 31, 46, 44
19, 47, 48, 49, 50
20, 46, 51, 45, 44
21, 52, 53, 54, 55
22, 4, 3, 56, 57
23, 11, 10, 58, 59
24, 4, 57, 60, 7
25, 14, 61, 49, 48
26, 13, 62, 61, 14
27, 63, 64, 17, 16
28, 24, 65, 62, 13
29, 7, 60, 66, 22
30, 28, 27, 67, 68
31, 37, 69, 65, 24
32, 22, 66, 70, 31
33, 71, 72, 33, 32
34, 73, 69, 37, 36
35, 43, 42, 74, 75
36, 50, 49, 76, 77
37, 61, 78, 76, 49
38, 31, 70, 79, 46
39, 79, 80, 51, 46
40, 81, 82, 53, 52
41, 57, 56, 83, 84
42, 59, 58, 85, 86
43, 57, 84, 87, 60
44, 62, 88, 78, 61
45, 89, 90, 64, 63
46, 65, 91, 88, 62
47, 60, 87, 92, 66
48, 68, 67, 93, 94
49, 69, 95, 91, 65
50, 66, 92, 96, 70
51, 97, 98, 72, 71
52, 99, 95, 69, 73
53, 75, 74, 100, 101
54, 77, 76, 102, 103
55, 78, 104, 102, 76
56, 70, 96, 105, 79
57, 105, 106, 80, 79
58, 107, 108, 82, 81
59, 84, 83, 109, 110
60, 86, 85, 111, 112
61, 84, 110, 113, 87
62, 88, 114, 104, 78
63, 115, 116, 90, 89
64, 91, 117, 114, 88
65, 87, 113, 118, 92
66, 94, 93, 119, 120
67, 95, 121, 117, 91
68, 92, 118, 122, 96
69, 123, 124, 98, 97
70, 125, 121, 95, 99
71, 101, 100, 126, 127
72, 103, 102, 128, 129
73, 104, 130, 128, 102
74, 96, 122, 131, 105
75, 120, 119, 132, 133
76, 131, 134, 106, 105
77, 135, 136, 108, 107
78, 110, 109, 137, 138
79, 112, 111, 139, 140
80, 110, 138, 141, 113
81, 114, 142, 130, 104
82, 133, 132, 143, 144
83, 144, 143, 145, 146
84, 147, 148, 116, 115
85, 117, 149, 142, 114
86, 113, 141, 150, 118
87, 146, 145, 148, 147
88, 151, 152, 153, 154
89, 155, 156, 152, 151
90, 121, 157, 149, 117
91, 118, 150, 158, 122
92, 159, 160, 124, 123
93, 161, 157, 121, 125
94, 127, 126, 162, 163
95, 129, 128, 164, 165
96, 130, 166, 164, 128
97, 122, 158, 167, 131
98, 168, 169, 156, 155
99, 167, 170, 134, 131
100, 171, 172, 136, 135
101, 140, 139, 173, 174
102, 138, 137, 175, 176
103, 138, 176, 177, 141
104, 142, 178, 166, 130
105, 179, 180, 169, 168
106, 181, 182, 180, 179
107, 183, 184, 182, 181
108, 149, 185, 178, 142
109, 141, 177, 186, 150
110, 154, 153, 187, 188
111, 157, 189, 185, 149
112, 150, 186, 190, 158
113, 191, 192, 160, 159
114, 193, 189, 157, 161
115, 163, 162, 194, 195
116, 165, 164, 196, 197
117, 166, 198, 196, 164
118, 158, 190, 199, 167
119, 199, 200, 170, 167
120, 201, 202, 172, 171
121, 176, 175, 203, 204
122, 174, 173, 205, 206
123, 176, 204, 207, 177
124, 178, 208, 198, 166
125, 209, 210, 184, 183
126, 185, 211, 208, 178
127, 177, 207, 212, 186
128, 188, 187, 213, 214
129, 189, 215, 211, 185
130, 186, 212, 216, 190
131, 217, 218, 192, 191
132, 219, 215, 189, 193
133, 195, 194, 220, 221
134, 197, 196, 222, 223
135, 198, 224, 222, 196
136, 190, 216, 225, 199
137, 225, 226, 200, 199
138, 227, 228, 202, 201
139, 204, 203, 229, 230
140, 206, 205, 231, 232
141, 204, 230, 233, 207
142, 208, 234, 224, 198
143, 235, 236, 210, 209
144, 211, 237, 234, 208
145, 207, 233, 238, 212
146, 214, 213, 239, 240
147, 215, 241, 237, 211
148, 212, 238, 242, 216
149, 243, 244, 218, 217
150, 245, 241, 215, 219
151, 221, 220, 246, 247
152, 223, 222, 248, 249
153, 224, 250, 248, 222
154, 216, 242, 251, 225
155, 249, 248, 250, 252
156, 251, 253, 226, 225
157, 254, 255, 228, 227
158, 230, 229, 256, 257
159, 232, 231, 258, 259
160, 230, 257, 260, 233
161, 252, 250, 261, 262
162, 234, 261, 250, 224
163, 263, 264, 236, 235
164, 237, 265, 261, 234
165, 233, 260, 266, 238
166, 262, 261, 265, 267
167, 240, 239, 268, 269
168, 241, 270, 265, 237
169, 238, 266, 271, 242
170, 272, 273, 244, 243
171, 267, 265, 270, 274
172, 274, 270, 241, 245
173, 247, 246, 275, 276
174, 242, 271, 277, 251
175, 277, 278, 253, 251
176, 279, 280, 255, 254
177, 257, 256, 281, 282
178, 259, 258, 283, 284
179, 257, 282, 285, 260
180, 286, 287, 48, 47
181, 288, 289, 264, 263
182, 260, 285, 290, 266
183, 269, 268, 291, 292
184, 266, 290, 293, 271
185, 294, 295, 273, 272
186, 276, 275, 296, 297
187, 271, 293, 298, 277
188, 298, 299, 278, 277
189, 300, 301, 280, 279
190, 282, 281, 302, 303
191, 284, 283, 304, 305
192, 282, 303, 306, 285
193, 307, 308, 289, 288
194, 285, 306, 309, 290
195, 292, 291, 310, 311
196, 290, 309, 312, 293
197, 313, 314, 295, 294
198, 297, 296, 315, 316
199, 293, 312, 317, 298
200, 317, 318, 299, 298
201, 319, 320, 301, 300
202, 303, 302, 321, 322
203, 305, 304, 323, 324
204, 303, 322, 325, 306
205, 326, 327, 308, 307
206, 306, 325, 328, 309
207, 311, 310, 329, 330
208, 309, 328, 331, 312
209, 332, 333, 314, 313
210, 316, 315, 334, 335
211, 312, 331, 336, 317
212, 336, 337, 318, 317
213, 338, 339, 320, 319
214, 322, 321, 340, 341
215, 324, 323, 342, 343
216, 322, 341, 344, 325
217, 345, 346, 327, 326
218, 325, 344, 347, 328
219, 330, 329, 348, 349
220, 328, 347, 350, 331
221, 351, 352, 333, 332
222, 335, 334, 353, 354
223, 331, 350, 355, 336
224, 355, 356, 337, 336
225, 357, 358, 339, 338
226, 341, 340, 359, 360
227, 343, 342, 361, 362
228, 341, 360, 363, 344
229, 364, 365, 346, 345
230, 344, 363, 366, 347
231, 349, 348, 367, 368
232, 347, 366, 369, 350
233, 370, 371, 352, 351
234, 354, 353, 372, 373
235, 350, 369, 374, 355
236, 373, 372, 375, 376
237, 374, 377, 356, 355
238, 378, 379, 358, 357
239, 360, 359, 380, 381
240, 362, 361, 382, 383
241, 360, 381, 384, 363
242, 376, 375, 385, 386
243, 387, 388, 365, 364
244, 363, 384, 389, 366
245, 386, 385, 390, 391
246, 368, 367, 392, 393
247, 366, 389, 394, 369
248, 395, 396, 371, 370
249, 391, 390, 396, 395
250, 397, 398, 399, 400
251, 401, 402, 398, 397
252, 369, 394, 403, 374
253, 403, 404, 377, 374
254, 405, 406, 379, 378
255, 381, 380, 407, 408
256, 383, 382, 409, 410
257, 381, 408, 411, 384
258, 412, 413, 402, 401
259, 414, 415, 413, 412
260, 416, 417, 388, 387
261, 384, 411, 418, 389
262, 393, 392, 419, 420
263, 421, 422, 415, 414
264, 389, 418, 423, 394
265, 424, 425, 422, 421
266, 400, 399, 426, 427
267, 394, 423, 428, 403
268, 428, 429, 404, 403
269, 430, 431, 406, 405
270, 408, 407, 432, 433
271, 410, 409, 434, 435
272, 408, 433, 436, 411
273, 437, 438, 417, 416
274, 411, 436, 439, 418
275, 420, 419, 440, 441
276, 418, 439, 442, 423
277, 443, 444, 425, 424
278, 427, 426, 445, 446
279, 423, 442, 447, 428
280, 447, 448, 429, 428
281, 449, 450, 431, 430
282, 433, 432, 451, 452
283, 435, 434, 453, 454
284, 433, 452, 455, 436
285, 456, 457, 438, 437
286, 436, 455, 458, 439
287, 441, 440, 459, 460
288, 439, 458, 461, 442
289, 462, 463, 444, 443
290, 446, 445, 464, 465
291, 442, 461, 466, 447
292, 466, 467, 448, 447
293, 468, 469, 450, 449
294, 452, 451, 470, 471
295, 454, 453, 472, 473
296, 452, 471, 474, 455
297, 473, 472, 475, 476
298, 477, 478, 457, 456
299, 455, 474, 479, 458
300, 460, 459, 480, 481
301, 476, 475, 482, 483
302, 458, 479, 484, 461
303, 485, 486, 463, 462
304, 465, 464, 487, 488
305, 483, 482, 489, 490
306, 461, 484, 491, 466
307, 491, 492, 467, 466
308, 490, 489, 493, 494
309, 494, 493, 469, 468
310, 471, 470, 495, 496
311, 497, 498, 499, 500
312, 471, 496, 501, 474
313, 500, 499, 502, 503
314, 504, 505, 478, 477
315, 506, 507, 498, 497
316, 474, 501, 508, 479
317, 481, 480, 509, 510
318, 511, 512, 507, 506
319, 479, 508, 513, 484
320, 514, 515, 486, 485
321, 488, 487, 516, 517
322, 518, 519, 512, 511
323, 484, 513, 520, 491
324, 521, 522, 519, 518
325, 520, 523, 492, 491
326, 496, 495, 524, 525
327, 503, 502, 526, 527
328, 496, 525, 528, 501
329, 529, 530, 505, 504
330, 501, 528, 531, 508
331, 510, 509, 532, 533
332, 508, 531, 534, 513
333, 535, 536, 515, 514
334, 517, 516, 537, 538
335, 513, 534, 539, 520
336, 539, 540, 523, 520
337, 541, 542, 522, 521
338, 527, 526, 543, 544
339, 525, 524, 545, 546
340, 525, 546, 547, 528
341, 548, 549, 530, 529
342, 528, 547, 550, 531
343, 533, 532, 551, 552
344, 531, 550, 553, 534
345, 554, 555, 536, 535
346, 538, 537, 556, 557
347, 534, 553, 558, 539
348, 558, 559, 540, 539
349, 560, 561, 542, 541
350, 546, 545, 562, 563
351, 544, 543, 564, 565
352, 546, 563, 566, 547
353, 567, 568, 549, 548
354, 547, 566, 569, 550
355, 552, 551, 570, 571
356, 550, 569, 572, 553
357, 573, 574, 555, 554
358, 557, 556, 575, 576
359, 553, 572, 577, 558
360, 577, 578, 559, 558
361, 579, 580, 561, 560
362, 563, 562, 581, 582
363, 565, 564, 583, 584
364, 563, 582, 585, 566
365, 586, 587, 568, 567
366, 566, 585, 588, 569
367, 571, 570, 589, 590
368, 569, 588, 591, 572
369, 592, 593, 574, 573
370, 576, 575, 594, 595
371, 572, 591, 596, 577
372, 596, 597, 578, 577
373, 598, 599, 580, 579
374, 582, 581, 600, 601
375, 584, 583, 602, 9
376, 582, 601, 603, 585
377, 601, 600, 604, 603
378, 18, 605, 587, 586
379, 585, 603, 606, 588
380, 590, 589, 607, 26
381, 603, 604, 608, 606
382, 588, 606, 609, 591
383, 34, 610, 593, 592
384, 595, 594, 611, 41
385, 606, 608, 612, 609
386, 591, 609, 613, 596
387, 613, 614, 597, 596
388, 609, 612, 614, 613
389, 2, 615, 616, 3
390, 6, 617, 615, 2
391, 9, 602, 618, 10
392, 54, 619, 599, 598
393, 17, 620, 605, 18
394, 21, 621, 617, 6
395, 26, 607, 622, 27
396, 30, 623, 621, 21
397, 33, 624, 610, 34
398, 41, 611, 625, 42
399, 45, 626, 623, 30
400, 51, 627, 626, 45
401, 53, 628, 619, 54
402, 3, 616, 629, 56
403, 10, 618, 630, 58
404, 64, 631, 620, 17
405, 27, 622, 632, 67
406, 72, 633, 624, 33
407, 42, 625, 634, 74
408, 80, 635, 627, 51
409, 82, 636, 628, 53
410, 56, 629, 637, 83
411, 58, 630, 638, 85
412, 90, 639, 631, 64
413, 67, 632, 640, 93
414, 98, 641, 633, 72
415, 74, 634, 642, 100
416, 106, 643, 635, 80
417, 108, 644, 636, 82
418, 83, 637, 645, 109
419, 85, 638, 646, 111
420, 116, 647, 639, 90
421, 93, 640, 648, 119
422, 119, 648, 649, 132
423, 124, 650, 641, 98
424, 100, 642, 651, 126
425, 132, 649, 652, 143
426, 134, 653, 643, 106
427, 136, 654, 644, 108
428, 109, 645, 655, 137
429, 111, 646, 656, 139
430, 143, 652, 657, 145
431, 148, 658, 647, 116
432, 145, 657, 658, 148
433, 152, 659, 660, 153
434, 156, 661, 659, 152
435, 160, 662, 650, 124
436, 169, 663, 661, 156
437, 126, 651, 664, 162
438, 180, 665, 663, 169
439, 170, 666, 653, 134
440, 172, 667, 654, 136
441, 137, 655, 668, 175
442, 139, 656, 669, 173
443, 182, 670, 665, 180
444, 184, 671, 670, 182
445, 153, 660, 672, 187
446, 192, 673, 662, 160
447, 162, 664, 674, 194
448, 200, 675, 666, 170
449, 202, 676, 667, 172
450, 175, 668, 677, 203
451, 173, 669, 678, 205
452, 210, 679, 671, 184
453, 187, 672, 680, 213
454, 218, 681, 673, 192
455, 194, 674, 682, 220
456, 226, 683, 675, 200
457, 228, 684, 676, 202
458, 203, 677, 685, 229
459, 205, 678, 686, 231
460, 236, 687, 679, 210
461, 213, 680, 688, 239
462, 244, 689, 681, 218
463, 220, 682, 690, 246
464, 253, 691, 683, 226
465, 255, 692, 684, 228
466, 229, 685, 693, 256
467, 231, 686, 694, 258
468, 264, 695, 687, 236
469, 239, 688, 696, 268
470, 273, 697, 689, 244
471, 246, 690, 698, 275
472, 278, 699, 691, 253
473, 280, 700, 692, 255
474, 256, 693, 701, 281
475, 258, 694, 702, 283
476, 289, 703, 695, 264
477, 268, 696, 704, 291
478, 295, 705, 697, 273
479, 275, 698, 706, 296
480, 299, 707, 699, 278
481, 301, 708, 700, 280
482, 281, 701, 709, 302
483, 283, 702, 710, 304
484, 308, 711, 703, 289
485, 291, 704, 712, 310
486, 314, 713, 705, 295
487, 296, 706, 714, 315
488, 318, 715, 707, 299
489, 320, 716, 708, 301
490, 302, 709, 717, 321
491, 304, 710, 718, 323
492, 327, 719, 711, 308
493, 310, 712, 720, 329
494, 333, 721, 713, 314
495, 315, 714, 722, 334
496, 337, 723, 715, 318
497, 339, 724, 716, 320
498, 321, 717, 725, 340
499, 323, 718, 726, 342
500, 346, 727, 719, 327
501, 329, 720, 728, 348
502, 352, 729, 721, 333
503, 334, 722, 730, 353
504, 356, 731, 723, 337
505, 358, 732, 724, 339
506, 340, 725, 733, 359
507, 342, 726, 734, 361
508, 365, 735, 727, 346
509, 348, 728, 736, 367
510, 371, 737, 729, 352
511, 353, 730, 738, 372
512, 372, 738, 739, 375
513, 377, 740, 731, 356
514, 379, 741, 732, 358
515, 359, 733, 742, 380
516, 361, 734, 743, 382
517, 375, 739, 744, 385
518, 388, 745, 735, 365
519, 367, 736, 746, 392
520, 385, 744, 747, 390
521, 396, 748, 737, 371
522, 390, 747, 748, 396
523, 398, 749, 750, 399
524, 402, 751, 749, 398
525, 404, 752, 740, 377
526, 406, 753, 741, 379
527, 380, 742, 754, 407
528, 382, 743, 755, 409
529, 413, 756, 751, 402
530, 415, 757, 756, 413
531, 417, 758, 745, 388
532, 392, 746, 759, 419
533, 422, 760, 757, 415
534, 425, 761, 760, 422
535, 399, 750, 762, 426
536, 429, 763, 752, 404
537, 431, 764, 753, 406
538, 407, 754, 765, 432
539, 409, 755, 766, 434
540, 438, 767, 758, 417
541, 419, 759, 768, 440
542, 444, 769, 761, 425
543, 426, 762, 770, 445
544, 448, 771, 763, 429
545, 450, 772, 764, 431
546, 432, 765, 773, 451
547, 434, 766, 774, 453
548, 457, 775, 767, 438
549, 440, 768, 776, 459
550, 463, 777, 769, 444
551, 445, 770, 778, 464
552, 467, 779, 771, 448
553, 469, 780, 772, 450
554, 451, 773, 781, 470
555, 453, 774, 782, 472
556, 472, 782, 783, 475
557, 478, 784, 775, 457
558, 459, 776, 785, 480
559, 475, 783, 786, 482
560, 486, 787, 777, 463
561, 464, 778, 788, 487
562, 482, 786, 789, 489
563, 492, 790, 779, 467
564, 489, 789, 791, 493
565, 493, 791, 780, 469
566, 470, 781, 792, 495
567, 498, 793, 794, 499
568, 499, 794, 795, 502
569, 505, 796, 784, 478
570, 507, 797, 793, 498
571, 480, 785, 798, 509
572, 512, 799, 797, 507
573, 515, 800, 787, 486
574, 487, 788, 801, 516
575, 519, 802, 799, 512
576, 522, 803, 802, 519
577, 523, 804, 790, 492
578, 495, 792, 805, 524
579, 502, 795, 806, 526
580, 530, 807, 796, 505
581, 509, 798, 808, 532
582, 536, 809, 800, 515
583, 516, 801, 810, 537
584, 540, 811, 804, 523
585, 542, 812, 803, 522
586, 524, 805, 813, 545
587, 526, 806, 814, 543
588, 549, 815, 807, 530
589, 532, 808, 816, 551
590, 555, 817, 809, 536
591, 537, 810, 818, 556
592, 559, 819, 811, 540
593, 561, 820, 812, 542
594, 545, 813, 821, 562
595, 543, 814, 822, 564
596, 568, 823, 815, 549
597, 551, 816, 824, 570
598, 574, 825, 817, 555
599, 556, 818, 826, 575
600, 578, 827, 819, 559
601, 580, 828, 820, 561
602, 562, 821, 829, 581
603, 564, 822, 830, 583
604, 587, 831, 823, 568
605, 570, 824, 832, 589
606, 593, 833, 825, 574
607, 575, 826, 834, 594
608, 597, 835, 827, 578
609, 599, 836, 828, 580
610, 581, 829, 837, 600
611, 583, 830, 838, 602
612, 600, 837, 839, 604
613, 605, 840, 831, 587
614, 589, 832, 841, 607
615, 604, 839, 842, 608
616, 610, 843, 833, 593
617, 594, 834, 844, 611
618, 608, 842, 845, 612
619, 619, 846, 836, 599
620, 614, 847, 835, 597
621, 612, 845, 847, 614
622, 615, 848, 849, 616
623, 617, 850, 848, 615
624, 602, 838, 851, 618
625, 620, 852, 840, 605
626, 621, 853, 850, 617
627, 607, 841, 854, 622
628, 623, 855, 853, 621
629, 624, 856, 843, 610
630, 611, 844, 857, 625
631, 626, 858, 855, 623
632, 628, 859, 846, 619
633, 627, 860, 858, 626
634, 616, 849, 861, 629
635, 618, 851, 862, 630
636, 631, 863, 852, 620
637, 622, 854, 864, 632
638, 633, 865, 856, 624
639, 625, 857, 866, 634
640, 635, 867, 860, 627
641, 636, 868, 859, 628
642, 629, 861, 869, 637
643, 630, 862, 870, 638
644, 639, 871, 863, 631
645, 632, 864, 872, 640
646, 641, 873, 865, 633
647, 634, 866, 874, 642
648, 643, 875, 867, 635
649, 644, 876, 868, 636
650, 637, 869, 877, 645
651, 638, 870, 878, 646
652, 647, 879, 871, 639
653, 640, 872, 880, 648
654, 648, 880, 881, 649
655, 650, 882, 873, 641
656, 642, 874, 883, 651
657, 649, 881, 884, 652
658, 653, 885, 875, 643
659, 654, 886, 876, 644
660, 645, 877, 887, 655
661, 646, 878, 888, 656
662, 652, 884, 889, 657
663, 658, 890, 879, 647
664, 657, 889, 890, 658
665, 659, 891, 892, 660
666, 661, 893, 891, 659
667, 662, 894, 882, 650
668, 663, 895, 893, 661
669, 651, 883, 896, 664
670, 665, 897, 895, 663
671, 666, 898, 885, 653
672, 667, 899, 886, 654
673, 655, 887, 900, 668
674, 656, 888, 901, 669
675, 670, 902, 897, 665
676, 671, 903, 902, 670
677, 660, 892, 904, 672
678, 673, 905, 894, 662
679, 664, 896, 906, 674
680, 675, 907, 898, 666
681, 676, 908, 899, 667
682, 668, 900, 909, 677
683, 669, 901, 910, 678
684, 679, 911, 903, 671
685, 672, 904, 912, 680
686, 681, 913, 905, 673
687, 674, 906, 914, 682
688, 683, 915, 907, 675
689, 684, 916, 908, 676
690, 677, 909, 917, 685
691, 678, 910, 918, 686
692, 687, 919, 911, 679
693, 680, 912, 920, 688
694, 689, 921, 913, 681
695, 682, 914, 922, 690
696, 692, 923, 916, 684
697, 691, 924, 915, 683
698, 685, 917, 925, 693
699, 686, 918, 926, 694
700, 695, 927, 919, 687
701, 688, 920, 928, 696
702, 697, 929, 921, 689
703, 690, 922, 930, 698
704, 699, 931, 924, 691
705, 700, 932, 923, 692
706, 693, 925, 933, 701
707, 694, 926, 286, 702
708, 703, 934, 927, 695
709, 696, 928, 8, 704
710, 705, 19, 929, 697
711, 698, 930, 25, 706
712, 707, 35, 931, 699
713, 708, 39, 932, 700
714, 701, 933, 40, 709
715, 702, 286, 47, 710
716, 711, 55, 934, 703
717, 704, 8, 11, 712
718, 713, 16, 19, 705
719, 706, 25, 28, 714
720, 715, 32, 35, 707
721, 716, 36, 39, 708
722, 709, 40, 43, 717
723, 710, 47, 50, 718
724, 719, 52, 55, 711
725, 712, 11, 59, 720
726, 721, 63, 16, 713
727, 714, 28, 68, 722
728, 723, 71, 32, 715
729, 724, 73, 36, 716
730, 717, 43, 75, 725
731, 718, 50, 77, 726
732, 727, 81, 52, 719
733, 720, 59, 86, 728
734, 729, 89, 63, 721
735, 722, 68, 94, 730
736, 731, 97, 71, 723
737, 732, 99, 73, 724
738, 725, 75, 101, 733
739, 726, 77, 103, 734
740, 735, 107, 81, 727
741, 728, 86, 112, 736
742, 737, 115, 89, 729
743, 730, 94, 120, 738
744, 738, 120, 133, 739
745, 740, 123, 97, 731
746, 741, 125, 99, 732
747, 733, 101, 127, 742
748, 734, 103, 129, 743
749, 739, 133, 144, 744
750, 745, 135, 107, 735
751, 736, 112, 140, 746
752, 744, 144, 146, 747
753, 748, 147, 115, 737
754, 747, 146, 147, 748
755, 749, 151, 154, 750
756, 751, 155, 151, 749
757, 752, 159, 123, 740
758, 753, 161, 125, 741
759, 742, 127, 163, 754
760, 743, 129, 165, 755
761, 756, 168, 155, 751
762, 757, 179, 168, 756
763, 758, 171, 135, 745
764, 746, 140, 174, 759
765, 760, 181, 179, 757
766, 761, 183, 181, 760
767, 750, 154, 188, 762
768, 763, 191, 159, 752
769, 764, 193, 161, 753
770, 754, 163, 195, 765
771, 755, 165, 197, 766
772, 767, 201, 171, 758
773, 759, 174, 206, 768
774, 769, 209, 183, 761
775, 762, 188, 214, 770
776, 771, 217, 191, 763
777, 772, 219, 193, 764
778, 765, 195, 221, 773
779, 766, 197, 223, 774
780, 775, 227, 201, 767
781, 768, 206, 232, 776
782, 777, 235, 209, 769
783, 770, 214, 240, 778
784, 779, 243, 217, 771
785, 780, 245, 219, 772
786, 773, 221, 247, 781
787, 774, 223, 249, 782
788, 782, 249, 252, 783
789, 784, 254, 227, 775
790, 776, 232, 259, 785
791, 783, 252, 262, 786
792, 787, 263, 235, 777
793, 778, 240, 269, 788
794, 786, 262, 267, 789
795, 790, 272, 243, 779
796, 789, 267, 274, 791
797, 791, 274, 245, 780
798, 781, 247, 276, 792
799, 793, 935, 936, 794
800, 794, 936, 937, 795
801, 935, 938, 937, 936
802, 796, 279, 254, 784
803, 797, 939, 935, 793
804, 785, 259, 284, 798
805, 939, 940, 938, 935
806, 799, 941, 939, 797
807, 800, 288, 263, 787
808, 941, 942, 940, 939
809, 788, 269, 292, 801
810, 802, 943, 941, 799
811, 943, 944, 942, 941
812, 803, 944, 943, 802
813, 804, 294, 272, 790
814, 792, 276, 297, 805
815, 795, 937, 945, 806
816, 938, 946, 945, 937
817, 807, 300, 279, 796
818, 798, 284, 305, 808
819, 940, 947, 946, 938
820, 809, 307, 288, 800
821, 942, 948, 947, 940
822, 801, 292, 311, 810
823, 944, 949, 948, 942
824, 811, 313, 294, 804
825, 812, 949, 944, 803
826, 805, 297, 316, 813
827, 806, 945, 950, 814
828, 946, 951, 950, 945
829, 815, 319, 300, 807
830, 808, 305, 324, 816
831, 947, 952, 951, 946
832, 817, 326, 307, 809
833, 948, 953, 952, 947
834, 810, 311, 330, 818
835, 949, 954, 953, 948
836, 819, 332, 313, 811
837, 820, 954, 949, 812
838, 813, 316, 335, 821
839, 814, 950, 955, 822
840, 951, 956, 955, 950
841, 823, 338, 319, 815
842, 816, 324, 343, 824
843, 952, 957, 956, 951
844, 825, 345, 326, 817
845, 953, 958, 957, 952
846, 818, 330, 349, 826
847, 954, 959, 958, 953
848, 827, 351, 332, 819
849, 828, 959, 954, 820
850, 821, 335, 354, 829
851, 822, 955, 960, 830
852, 956, 961, 960, 955
853, 831, 357, 338, 823
854, 824, 343, 362, 832
855, 957, 962, 961, 956
856, 833, 364, 345, 825
857, 958, 963, 962, 957
858, 826, 349, 368, 834
859, 959, 964, 963, 958
860, 835, 370, 351, 827
861, 836, 964, 959, 828
862, 829, 354, 373, 837
863, 830, 960, 965, 838
864, 961, 966, 965, 960
865, 837, 373, 376, 839
866, 840, 378, 357, 831
867, 832, 362, 383, 841
868, 962, 967, 966, 961
869, 839, 376, 386, 842
870, 843, 387, 364, 833
871, 963, 968, 967, 962
872, 834, 368, 393, 844
873, 842, 386, 391, 845
874, 964, 969, 968, 963
875, 847, 395, 370, 835
876, 845, 391, 395, 847
877, 846, 969, 964, 836
878, 848, 397, 400, 849
879, 850, 401, 397, 848
880, 838, 965, 970, 851
881, 966, 971, 970, 965
882, 852, 405, 378, 840
883, 853, 412, 401, 850
884, 841, 383, 410, 854
885, 967, 972, 971, 966
886, 855, 414, 412, 853
887, 856, 416, 387, 843
888, 968, 973, 972, 967
889, 844, 393, 420, 857
890, 858, 421, 414, 855
891, 969, 974, 973, 968
892, 860, 424, 421, 858
893, 859, 974, 969, 846
894, 849, 400, 427, 861
895, 851, 970, 975, 862
896, 971, 976, 975, 970
897, 863, 430, 405, 852
898, 854, 410, 435, 864
899, 972, 977, 976, 971
900, 865, 437, 416, 856
901, 973, 978, 977, 972
902, 857, 420, 441, 866
903, 974, 979, 978, 973
904, 867, 443, 424, 860
905, 868, 979, 974, 859
906, 861, 427, 446, 869
907, 862, 975, 980, 870
908, 976, 981, 980, 975
909, 871, 449, 430, 863
910, 864, 435, 454, 872
911, 977, 982, 981, 976
912, 873, 456, 437, 865
913, 978, 983, 982, 977
914, 866, 441, 460, 874
915, 979, 984, 983, 978
916, 875, 462, 443, 867
917, 876, 984, 979, 868
918, 869, 446, 465, 877
919, 870, 980, 985, 878
920, 981, 986, 985, 980
921, 879, 468, 449, 871
922, 872, 454, 473, 880
923, 982, 987, 986, 981
924, 880, 473, 476, 881
925, 882, 477, 456, 873
926, 983, 988, 987, 982
927, 874, 460, 481, 883
928, 881, 476, 483, 884
929, 984, 989, 988, 983
930, 885, 485, 462, 875
931, 886, 989, 984, 876
932, 877, 465, 488, 887
933, 878, 985, 990, 888
934, 884, 483, 490, 889
935, 986, 991, 990, 985
936, 890, 494, 468, 879
937, 889, 490, 494, 890
938, 891, 500, 503, 892
939, 987, 992, 991, 986
940, 893, 497, 500, 891
941, 894, 504, 477, 882
942, 988, 993, 992, 987
943, 883, 481, 510, 896
944, 895, 506, 497, 893
945, 989, 994, 993, 988
946, 898, 514, 485, 885
947, 899, 994, 989, 886
948, 887, 488, 517, 900
949, 888, 990, 995, 901
950, 897, 511, 506, 895
951, 991, 996, 995, 990
952, 902, 518, 511, 897
953, 903, 521, 518, 902
954, 892, 503, 527, 904
955, 992, 997, 996, 991
956, 905, 529, 504, 894
957, 993, 998, 997, 992
958, 896, 510, 533, 906
959, 994, 999, 998, 993
960, 907, 535, 514, 898
961, 908, 999, 994, 899
962, 900, 517, 538, 909
963, 901, 995, 1000, 910
964, 996, 1001, 1000, 995
965, 911, 541, 521, 903
966, 904, 527, 544, 912
967, 997, 1002, 1001, 996
968, 913, 548, 529, 905
969, 998, 1003, 1002, 997
970, 906, 533, 552, 914
971, 999, 1004, 1003, 998
972, 915, 554, 535, 907
973, 916, 1004, 999, 908
974, 909, 538, 557, 917
975, 910, 1000, 1005, 918
976, 1001, 1006, 1005, 1000
977, 919, 560, 541, 911
978, 912, 544, 565, 920
979, 1002, 1007, 1006, 1001
980, 921, 567, 548, 913
981, 1003, 1008, 1007, 1002
982, 914, 552, 571, 922
983, 1004, 1009, 1008, 1003
984, 924, 573, 554, 915
985, 923, 1009, 1004, 916
986, 917, 557, 576, 925
987, 918, 1005, 1010, 926
988, 1006, 1011, 1010, 1005
989, 927, 579, 560, 919
990, 920, 565, 584, 928
991, 1007, 1012, 1011, 1006
992, 929, 586, 567, 921
993, 1008, 1013, 1012, 1007
994, 922, 571, 590, 930
995, 1009, 1014, 1013, 1008
996, 931, 592, 573, 924
997, 932, 1014, 1009, 923
998, 925, 576, 595, 933
999, 926, 1010, 287, 286
1000, 1011, 15, 287, 1010
1001, 934, 598, 579, 927
1002, 928, 584, 9, 8
1003, 1012, 12, 15, 1011
1004, 19, 18, 586, 929
1005, 1013, 23, 12, 1012
1006, 930, 590, 26, 25
1007, 1014, 38, 23, 1013
1008, 35, 34, 592, 931
1009, 39, 38, 1014, 932
1010, 933, 595, 41, 40
1011, 15, 14, 48, 287
1012, 55, 54, 598, 934
