1, -3.63835E+00, 6.47847E+01, -2.00000E+02, 0.00000E+00, 0.00000E+00, 0.00000E+00
2, 2.11077E+01, 5.23456E+01, -2.00000E+02, 0.00000E+00, 0.00000E+00, 0.00000E+00
3, 2.11077E+01, 5.23456E+01, -1.75000E+02, 0.00000E+00, 0.00000E+00, 0.00000E+00
4, -3.63835E+00, 6.47847E+01, -1.75000E+02, 0.00000E+00, 0.00000E+00, 0.00000E+00
5, -1.54419E+01, 4.13030E+01, -2.00000E+02, 0.00000E+00, 0.00000E+00, 0.00000E+00
6, 9.30411E+00, 2.88640E+01, -2.00000E+02, 0.00000E+00, 0.00000E+00, 0.00000E+00
7, -1.53817E+01, 4.12728E+01, -1.75000E+02, 0.00000E+00, 0.00000E+00, 0.00000E+00
8, 2.27507E+02, -7.40339E+01, -7.73156E+01, 0.00000E+00, 0.00000E+00, 0.00000E+00
9, 2.48921E+02, -8.65984E+01, -7.66425E+01, 0.00000E+00, 0.00000E+00, 0.00000E+00
10, 2.54367E+02, -7.78964E+01, -5.30226E+01, 0.00000E+00, 0.00000E+00, 0.00000E+00
11, 2.33714E+02, -6.38264E+01, -5.42943E+01, 0.00000E+00, 0.00000E+00, 0.00000E+00
12, 2.90714E+02, -1.44851E+02, 1.76418E+02, 0.00000E+00, 0.00000E+00, 0.00000E+00
13, 2.88040E+02, -1.46782E+02, 2.01499E+02, 0.00000E+00, 0.00000E+00, 0.00000E+00
14, 2.92993E+02, -1.43849E+02, 2.01758E+02, 0.00000E+00, 0.00000E+00, 0.00000E+00
15, 2.95502E+02, -1.41692E+02, 1.76710E+02, 0.00000E+00, 0.00000E+00, 0.00000E+00
16, 1.53045E+02, -1.63898E+00, 2.97901E+02, 0.00000E+00, 0.00000E+00, 0.00000E+00
17, 1.73159E+02, -1.58292E+01, 2.98100E+02, 0.00000E+00, 0.00000E+00, 0.00000E+00
18, 1.74281E+02, -1.30034E+01, 2.72573E+02, 0.00000E+00, 0.00000E+00, 0.00000E+00
19, 1.53491E+02, 6.09195E-01, 2.72376E+02, 0.00000E+00, 0.00000E+00, 0.00000E+00
20, -2.72455E+01, 1.78214E+01, -2.00000E+02, 0.00000E+00, 0.00000E+00, 0.00000E+00
21, -2.49945E+00, 5.38227E+00, -2.00000E+02, 0.00000E+00, 0.00000E+00, 0.00000E+00
22, -2.71250E+01, 1.77608E+01, -1.75000E+02, 0.00000E+00, 0.00000E+00, 0.00000E+00
23, 2.85926E+02, -1.48011E+02, 1.76126E+02, 0.00000E+00, 0.00000E+00, 0.00000E+00
24, 2.83088E+02, -1.49716E+02, 2.01241E+02, 0.00000E+00, 0.00000E+00, 0.00000E+00
25, 1.77618E+02, 2.99255E+01, 2.97690E+02, 0.00000E+00, 0.00000E+00, 0.00000E+00
26, 2.00208E+02, 1.43971E+01, 2.97936E+02, 0.00000E+00, 0.00000E+00, 0.00000E+00
27, 1.98929E+02, 9.71681E+00, 3.23796E+02, 0.00000E+00, 0.00000E+00, 0.00000E+00
28, 1.77185E+02, 2.58985E+01, 3.23594E+02, 0.00000E+00, 0.00000E+00, 0.00000E+00
29, -3.90490E+01, -5.66032E+00, -2.00000E+02, 0.00000E+00, 0.00000E+00, 0.00000E+00
30, -1.43030E+01, -1.80994E+01, -2.00000E+02, 0.00000E+00, 0.00000E+00, 0.00000E+00
31, -3.88683E+01, -5.75116E+00, -1.75000E+02, 0.00000E+00, 0.00000E+00, 0.00000E+00
32, 7.55237E+01, 4.54948E+00, 4.36254E+01, 0.00000E+00, 0.00000E+00, 0.00000E+00
33, 1.00574E+02, 2.38475E+00, 4.14619E+01, 0.00000E+00, 0.00000E+00, 0.00000E+00
34, 9.89139E+01, -3.40177E+00, 1.57790E+01, 0.00000E+00, 0.00000E+00, 0.00000E+00
35, 7.42975E+01, -3.41372E-02, 1.80463E+01, 0.00000E+00, 0.00000E+00, 0.00000E+00
36, 2.66538E+02, -1.30402E+02, 2.00038E+02, 0.00000E+00, 0.00000E+00, 0.00000E+00
37, 2.78135E+02, -1.52649E+02, 2.00982E+02, 0.00000E+00, 0.00000E+00, 0.00000E+00
38, 2.81138E+02, -1.51171E+02, 1.75834E+02, 0.00000E+00, 0.00000E+00, 0.00000E+00
39, 2.69285E+02, -1.29100E+02, 1.74760E+02, 0.00000E+00, 0.00000E+00, 0.00000E+00
40, 8.15236E+01, 3.52415E+01, 4.53632E+01, 0.00000E+00, 0.00000E+00, 0.00000E+00
41, 1.08592E+02, 3.47331E+01, 4.26573E+01, 0.00000E+00, 0.00000E+00, 0.00000E+00
42, 1.10401E+02, 4.01079E+01, 6.76282E+01, 0.00000E+00, 0.00000E+00, 0.00000E+00
43, 8.28748E+01, 3.96101E+01, 7.03063E+01, 0.00000E+00, 0.00000E+00, 0.00000E+00
44, -5.08526E+01, -2.91420E+01, -2.00000E+02, 0.00000E+00, 0.00000E+00, 0.00000E+00
45, -2.61066E+01, -4.15811E+01, -2.00000E+02, 0.00000E+00, 0.00000E+00, 0.00000E+00
46, -5.06116E+01, -2.92631E+01, -1.75000E+02, 0.00000E+00, 0.00000E+00, 0.00000E+00
47, 2.94929E+02, -1.13381E+02, 2.01191E+02, 0.00000E+00, 0.00000E+00, 0.00000E+00
48, 2.97945E+02, -1.40915E+02, 2.02017E+02, 0.00000E+00, 0.00000E+00, 0.00000E+00
49, 2.95356E+02, -1.43546E+02, 2.26983E+02, 0.00000E+00, 0.00000E+00, 0.00000E+00
50, 2.92519E+02, -1.16030E+02, 2.26327E+02, 0.00000E+00, 0.00000E+00, 0.00000E+00
51, -2.58828E+01, -4.16936E+01, -1.75000E+02, 0.00000E+00, 0.00000E+00, 0.00000E+00
52, 2.15974E+02, -9.54452E+01, -5.70824E+01, 0.00000E+00, 0.00000E+00, 0.00000E+00
53, 2.36200E+02, -1.08601E+02, -5.57157E+01, 0.00000E+00, 0.00000E+00, 0.00000E+00
54, 2.31190E+02, -1.19039E+02, -7.86140E+01, 0.00000E+00, 0.00000E+00, 0.00000E+00
55, 2.10040E+02, -1.07144E+02, -7.93631E+01, 0.00000E+00, 0.00000E+00, 0.00000E+00
56, 2.11077E+01, 5.23456E+01, -1.50000E+02, 0.00000E+00, 0.00000E+00, 0.00000E+00
57, -3.63835E+00, 6.47847E+01, -1.50000E+02, 0.00000E+00, 0.00000E+00, 0.00000E+00
58, 2.59887E+02, -7.01488E+01, -2.91505E+01, 0.00000E+00, 0.00000E+00, 0.00000E+00
59, 2.39812E+02, -5.43334E+01, -3.08712E+01, 0.00000E+00, 0.00000E+00, 0.00000E+00
60, -1.53214E+01, 4.12425E+01, -1.50000E+02, 0.00000E+00, 0.00000E+00, 0.00000E+00
61, 2.90261E+02, -1.46268E+02, 2.26760E+02, 0.00000E+00, 0.00000E+00, 0.00000E+00
62, 2.85166E+02, -1.48989E+02, 2.26537E+02, 0.00000E+00, 0.00000E+00, 0.00000E+00
63, 1.52642E+02, -4.07539E+00, 3.23343E+02, 0.00000E+00, 0.00000E+00, 0.00000E+00
64, 1.72078E+02, -1.89291E+01, 3.23532E+02, 0.00000E+00, 0.00000E+00, 0.00000E+00
65, 2.80071E+02, -1.51711E+02, 2.26314E+02, 0.00000E+00, 0.00000E+00, 0.00000E+00
66, -2.70045E+01, 1.77002E+01, -1.50000E+02, 0.00000E+00, 0.00000E+00, 0.00000E+00
67, 1.97303E+02, 4.86272E+00, 3.49444E+02, 0.00000E+00, 0.00000E+00, 0.00000E+00
68, 1.76427E+02, 2.17112E+01, 3.49264E+02, 0.00000E+00, 0.00000E+00, 0.00000E+00
69, 2.74976E+02, -1.54432E+02, 2.26091E+02, 0.00000E+00, 0.00000E+00, 0.00000E+00
70, -3.86876E+01, -5.84201E+00, -1.50000E+02, 0.00000E+00, 0.00000E+00, 0.00000E+00
71, 7.63657E+01, 8.24223E+00, 6.93235E+01, 0.00000E+00, 0.00000E+00, 0.00000E+00
72, 1.01683E+02, 6.97357E+00, 6.73161E+01, 0.00000E+00, 0.00000E+00, 0.00000E+00
73, 2.63619E+02, -1.32125E+02, 2.25248E+02, 0.00000E+00, 0.00000E+00, 0.00000E+00
74, 1.12142E+02, 4.43845E+01, 9.28053E+01, 0.00000E+00, 0.00000E+00, 0.00000E+00
75, 8.43714E+01, 4.32386E+01, 9.54093E+01, 0.00000E+00, 0.00000E+00, 0.00000E+00
76, 2.92526E+02, -1.46423E+02, 2.51895E+02, 0.00000E+00, 0.00000E+00, 0.00000E+00
77, 2.89752E+02, -1.18986E+02, 2.51401E+02, 0.00000E+00, 0.00000E+00, 0.00000E+00
78, 2.87317E+02, -1.48961E+02, 2.51710E+02, 0.00000E+00, 0.00000E+00, 0.00000E+00
79, -5.03706E+01, -2.93843E+01, -1.50000E+02, 0.00000E+00, 0.00000E+00, 0.00000E+00
80, -2.56590E+01, -4.18060E+01, -1.50000E+02, 0.00000E+00, 0.00000E+00, 0.00000E+00
81, 2.21179E+02, -8.56594E+01, -3.34156E+01, 0.00000E+00, 0.00000E+00, 0.00000E+00
82, 2.40507E+02, -1.00378E+02, -3.15996E+01, 0.00000E+00, 0.00000E+00, 0.00000E+00
83, 2.15377E+01, 3.98657E+01, -1.33333E+02, 0.00000E+00, 0.00000E+00, 0.00000E+00
84, -2.33050E+00, 5.18429E+01, -1.33333E+02, 0.00000E+00, 0.00000E+00, 0.00000E+00
85, 2.65205E+02, -6.37576E+01, -4.95408E+00, 0.00000E+00, 0.00000E+00, 0.00000E+00
86, 2.45714E+02, -4.60635E+01, -6.98932E+00, 0.00000E+00, 0.00000E+00, 0.00000E+00
87, -1.16099E+01, 3.31667E+01, -1.33333E+02, 0.00000E+00, 0.00000E+00, 0.00000E+00
88, 2.82108E+02, -1.51499E+02, 2.51526E+02, 0.00000E+00, 0.00000E+00, 0.00000E+00
89, 1.52324E+02, -6.57432E+00, 3.48835E+02, 0.00000E+00, 0.00000E+00, 0.00000E+00
90, 1.71085E+02, -2.21858E+01, 3.48991E+02, 0.00000E+00, 0.00000E+00, 0.00000E+00
91, 2.76899E+02, -1.54037E+02, 2.51341E+02, 0.00000E+00, 0.00000E+00, 0.00000E+00
92, -2.08894E+01, 1.44904E+01, -1.33333E+02, 0.00000E+00, 0.00000E+00, 0.00000E+00
93, 1.95446E+02, -4.11331E-02, 3.74872E+02, 0.00000E+00, 0.00000E+00, 0.00000E+00
94, 1.75443E+02, 1.75002E+01, 3.74751E+02, 0.00000E+00, 0.00000E+00, 0.00000E+00
95, 2.71690E+02, -1.56575E+02, 2.51156E+02, 0.00000E+00, 0.00000E+00, 0.00000E+00
96, -3.01688E+01, -4.18583E+00, -1.33333E+02, 0.00000E+00, 0.00000E+00, 0.00000E+00
97, 7.70614E+01, 1.12311E+01, 9.49770E+01, 0.00000E+00, 0.00000E+00, 0.00000E+00
98, 1.02641E+02, 1.05238E+01, 9.32050E+01, 0.00000E+00, 0.00000E+00, 0.00000E+00
99, 2.60531E+02, -1.34212E+02, 2.50373E+02, 0.00000E+00, 0.00000E+00, 0.00000E+00
100, 1.13975E+02, 4.76767E+01, 1.18215E+02, 0.00000E+00, 0.00000E+00, 0.00000E+00
101, 8.60568E+01, 4.62242E+01, 1.20628E+02, 0.00000E+00, 0.00000E+00, 0.00000E+00
102, 2.89455E+02, -1.49544E+02, 2.76750E+02, 0.00000E+00, 0.00000E+00, 0.00000E+00
103, 2.86644E+02, -1.22215E+02, 2.76412E+02, 0.00000E+00, 0.00000E+00, 0.00000E+00
104, 2.84165E+02, -1.51938E+02, 2.76605E+02, 0.00000E+00, 0.00000E+00, 0.00000E+00
105, -3.94482E+01, -2.28621E+01, -1.33333E+02, 0.00000E+00, 0.00000E+00, 0.00000E+00
106, -1.56030E+01, -3.48279E+01, -1.33334E+02, 0.00000E+00, 0.00000E+00, 0.00000E+00
107, 2.25552E+02, -7.80168E+01, -8.69921E+00, 0.00000E+00, 0.00000E+00, 0.00000E+00
108, 2.43927E+02, -9.43546E+01, -6.62759E+00, 0.00000E+00, 0.00000E+00, 0.00000E+00
109, 2.19673E+01, 2.73850E+01, -1.16666E+02, 0.00000E+00, 0.00000E+00, 0.00000E+00
110, -1.02266E+00, 3.89011E+01, -1.16667E+02, 0.00000E+00, 0.00000E+00, 0.00000E+00
111, 2.70005E+02, -5.90022E+01, 1.96767E+01, 0.00000E+00, 0.00000E+00, 0.00000E+00
112, 2.51236E+02, -3.94996E+01, 1.74296E+01, 0.00000E+00, 0.00000E+00, 0.00000E+00
113, -7.89844E+00, 2.50909E+01, -1.16667E+02, 0.00000E+00, 0.00000E+00, 0.00000E+00
114, 2.78876E+02, -1.54333E+02, 2.76459E+02, 0.00000E+00, 0.00000E+00, 0.00000E+00
115, 1.52195E+02, -9.04282E+00, 3.74413E+02, 0.00000E+00, 0.00000E+00, 0.00000E+00
116, 1.70273E+02, -2.55111E+01, 3.74498E+02, 0.00000E+00, 0.00000E+00, 0.00000E+00
117, 2.73587E+02, -1.56727E+02, 2.76314E+02, 0.00000E+00, 0.00000E+00, 0.00000E+00
118, -1.47742E+01, 1.12806E+01, -1.16667E+02, 0.00000E+00, 0.00000E+00, 0.00000E+00
119, 1.93405E+02, -4.79661E+00, 4.00000E+02, 0.00000E+00, 0.00000E+00, 0.00000E+00
120, 1.74276E+02, 1.34483E+01, 4.00000E+02, 0.00000E+00, 0.00000E+00, 0.00000E+00
121, 2.68298E+02, -1.59121E+02, 2.76169E+02, 0.00000E+00, 0.00000E+00, 0.00000E+00
122, -2.16500E+01, -2.52965E+00, -1.16667E+02, 0.00000E+00, 0.00000E+00, 0.00000E+00
123, 7.77152E+01, 1.36892E+01, 1.20616E+02, 0.00000E+00, 0.00000E+00, 0.00000E+00
124, 1.03359E+02, 1.32369E+01, 1.19072E+02, 0.00000E+00, 0.00000E+00, 0.00000E+00
125, 2.57325E+02, -1.36715E+02, 2.75442E+02, 0.00000E+00, 0.00000E+00, 0.00000E+00
126, 1.15793E+02, 5.00644E+01, 1.43723E+02, 0.00000E+00, 0.00000E+00, 0.00000E+00
127, 8.77409E+01, 4.86258E+01, 1.45920E+02, 0.00000E+00, 0.00000E+00, 0.00000E+00
128, 2.86144E+02, -1.52908E+02, 3.01542E+02, 0.00000E+00, 0.00000E+00, 0.00000E+00
129, 2.83220E+02, -1.25748E+02, 3.01368E+02, 0.00000E+00, 0.00000E+00, 0.00000E+00
130, 2.80816E+02, -1.55213E+02, 3.01436E+02, 0.00000E+00, 0.00000E+00, 0.00000E+00
131, -2.85258E+01, -1.63399E+01, -1.16667E+02, 0.00000E+00, 0.00000E+00, 0.00000E+00
132, 1.87497E+02, -1.08129E+01, 4.00000E+02, 0.00000E+00, 0.00000E+00, 0.00000E+00
133, 1.68814E+02, 7.22124E+00, 4.00000E+02, 0.00000E+00, 0.00000E+00, 0.00000E+00
134, -5.54726E+00, -2.78503E+01, -1.16667E+02, 0.00000E+00, 0.00000E+00, 0.00000E+00
135, 2.28841E+02, -7.23314E+01, 1.67063E+01, 0.00000E+00, 0.00000E+00, 0.00000E+00
136, 2.46324E+02, -9.01901E+01, 1.88094E+01, 0.00000E+00, 0.00000E+00, 0.00000E+00
137, 2.23967E+01, 1.49036E+01, -1.00000E+02, 0.00000E+00, 0.00000E+00, 0.00000E+00
138, 2.85192E-01, 2.59594E+01, -1.00000E+02, 0.00000E+00, 0.00000E+00, 0.00000E+00
139, 2.74032E+02, -5.58477E+01, 4.46434E+01, 0.00000E+00, 0.00000E+00, 0.00000E+00
140, 2.56032E+02, -3.46339E+01, 4.23429E+01, 0.00000E+00, 0.00000E+00, 0.00000E+00
141, -4.18694E+00, 1.70151E+01, -1.00000E+02, 0.00000E+00, 0.00000E+00, 0.00000E+00
142, 2.75487E+02, -1.57518E+02, 3.01331E+02, 0.00000E+00, 0.00000E+00, 0.00000E+00
143, 1.81590E+02, -1.68292E+01, 4.00000E+02, 0.00000E+00, 0.00000E+00, 0.00000E+00
144, 1.63351E+02, 9.94166E-01, 4.00000E+02, 0.00000E+00, 0.00000E+00, 0.00000E+00
145, 1.75682E+02, -2.28455E+01, 4.00000E+02, 0.00000E+00, 0.00000E+00, 0.00000E+00
146, 1.57889E+02, -5.23290E+00, 4.00000E+02, 0.00000E+00, 0.00000E+00, 0.00000E+00
147, 1.52426E+02, -1.14600E+01, 4.00000E+02, 0.00000E+00, 0.00000E+00, 0.00000E+00
148, 1.69774E+02, -2.88618E+01, 4.00000E+02, 0.00000E+00, 0.00000E+00, 0.00000E+00
149, 2.70159E+02, -1.59824E+02, 3.01225E+02, 0.00000E+00, 0.00000E+00, 0.00000E+00
150, -8.65908E+00, 8.07081E+00, -1.00000E+02, 0.00000E+00, 0.00000E+00, 0.00000E+00
151, 1.69584E+02, -2.22889E+01, -2.00000E+02, 0.00000E+00, 0.00000E+00, 0.00000E+00
152, 1.94330E+02, -3.47280E+01, -2.00000E+02, 0.00000E+00, 0.00000E+00, 0.00000E+00
153, 1.94330E+02, -3.47280E+01, -1.75000E+02, 0.00000E+00, 0.00000E+00, 0.00000E+00
154, 1.69584E+02, -2.22889E+01, -1.75000E+02, 0.00000E+00, 0.00000E+00, 0.00000E+00
155, 1.57780E+02, -4.57706E+01, -2.00000E+02, 0.00000E+00, 0.00000E+00, 0.00000E+00
156, 1.82526E+02, -5.82097E+01, -2.00000E+02, 0.00000E+00, 0.00000E+00, 0.00000E+00
157, 2.64830E+02, -1.62129E+02, 3.01120E+02, 0.00000E+00, 0.00000E+00, 0.00000E+00
158, -1.31312E+01, -8.73466E-01, -1.00000E+02, 0.00000E+00, 0.00000E+00, 0.00000E+00
159, 7.82121E+01, 1.57080E+01, 1.46202E+02, 0.00000E+00, 0.00000E+00, 0.00000E+00
160, 1.03897E+02, 1.52231E+01, 1.44851E+02, 0.00000E+00, 0.00000E+00, 0.00000E+00
161, 2.54063E+02, -1.39776E+02, 3.00518E+02, 0.00000E+00, 0.00000E+00, 0.00000E+00
162, 1.17655E+02, 5.16342E+01, 1.69365E+02, 0.00000E+00, 0.00000E+00, 0.00000E+00
163, 8.95923E+01, 5.05317E+01, 1.71363E+02, 0.00000E+00, 0.00000E+00, 0.00000E+00
164, 2.82597E+02, -1.56513E+02, 3.26267E+02, 0.00000E+00, 0.00000E+00, 0.00000E+00
165, 2.79515E+02, -1.29560E+02, 3.26171E+02, 0.00000E+00, 0.00000E+00, 0.00000E+00
166, 2.77276E+02, -1.58798E+02, 3.26199E+02, 0.00000E+00, 0.00000E+00, 0.00000E+00
167, -1.76034E+01, -9.81774E+00, -1.00000E+02, 0.00000E+00, 0.00000E+00, 0.00000E+00
168, 1.45977E+02, -6.92523E+01, -2.00000E+02, 0.00000E+00, 0.00000E+00, 0.00000E+00
169, 1.70723E+02, -8.16914E+01, -2.00000E+02, 0.00000E+00, 0.00000E+00, 0.00000E+00
170, 4.50811E+00, -2.08735E+01, -1.00000E+02, 0.00000E+00, 0.00000E+00, 0.00000E+00
171, 2.31167E+02, -6.82067E+01, 4.24484E+01, 0.00000E+00, 0.00000E+00, 0.00000E+00
172, 2.47817E+02, -8.73298E+01, 4.43642E+01, 0.00000E+00, 0.00000E+00, 0.00000E+00
173, 2.77176E+02, -5.40679E+01, 6.98970E+01, 0.00000E+00, 0.00000E+00, 0.00000E+00
174, 2.60029E+02, -3.14143E+01, 6.76346E+01, 0.00000E+00, 0.00000E+00, 0.00000E+00
175, 2.36677E+01, 1.73270E+01, -7.46740E+01, 0.00000E+00, 0.00000E+00, 0.00000E+00
176, -1.26912E-02, 2.54375E+01, -7.46869E+01, 0.00000E+00, 0.00000E+00, 0.00000E+00
177, -2.59798E+00, 1.77117E+01, -7.50124E+01, 0.00000E+00, 0.00000E+00, 0.00000E+00
178, 2.71954E+02, -1.61082E+02, 3.26132E+02, 0.00000E+00, 0.00000E+00, 0.00000E+00
179, 1.34173E+02, -9.27340E+01, -2.00000E+02, 0.00000E+00, 0.00000E+00, 0.00000E+00
180, 1.58919E+02, -1.05173E+02, -2.00000E+02, 0.00000E+00, 0.00000E+00, 0.00000E+00
181, 1.22369E+02, -1.16216E+02, -2.00000E+02, 0.00000E+00, 0.00000E+00, 0.00000E+00
182, 1.47116E+02, -1.28655E+02, -2.00000E+02, 0.00000E+00, 0.00000E+00, 0.00000E+00
183, 1.22490E+02, -1.16276E+02, -1.75000E+02, 0.00000E+00, 0.00000E+00, 0.00000E+00
184, 1.47219E+02, -1.28707E+02, -1.75000E+02, 0.00000E+00, 0.00000E+00, 0.00000E+00
185, 2.66633E+02, -1.63367E+02, 3.26064E+02, 0.00000E+00, 0.00000E+00, 0.00000E+00
186, -5.18328E+00, 9.98592E+00, -7.53379E+01, 0.00000E+00, 0.00000E+00, 0.00000E+00
187, 1.94330E+02, -3.47280E+01, -1.50000E+02, 0.00000E+00, 0.00000E+00, 0.00000E+00
188, 1.69584E+02, -2.22889E+01, -1.50000E+02, 0.00000E+00, 0.00000E+00, 0.00000E+00
189, 2.61312E+02, -1.65651E+02, 3.25996E+02, 0.00000E+00, 0.00000E+00, 0.00000E+00
190, -7.76857E+00, 2.26013E+00, -7.56635E+01, 0.00000E+00, 0.00000E+00, 0.00000E+00
191, 7.88333E+01, 1.73838E+01, 1.71762E+02, 0.00000E+00, 0.00000E+00, 0.00000E+00
192, 1.04412E+02, 1.65865E+01, 1.70560E+02, 0.00000E+00, 0.00000E+00, 0.00000E+00
193, 2.50778E+02, -1.43358E+02, 3.25479E+02, 0.00000E+00, 0.00000E+00, 0.00000E+00
194, 1.19667E+02, 5.24520E+01, 1.95027E+02, 0.00000E+00, 0.00000E+00, 0.00000E+00
195, 9.16944E+01, 5.19886E+01, 1.96764E+02, 0.00000E+00, 0.00000E+00, 0.00000E+00
196, 2.78814E+02, -1.60358E+02, 3.50921E+02, 0.00000E+00, 0.00000E+00, 0.00000E+00
197, 2.75535E+02, -1.33595E+02, 3.50874E+02, 0.00000E+00, 0.00000E+00, 0.00000E+00
198, 2.73553E+02, -1.62704E+02, 3.50887E+02, 0.00000E+00, 0.00000E+00, 0.00000E+00
199, -1.03539E+01, -5.46565E+00, -7.59890E+01, 0.00000E+00, 0.00000E+00, 0.00000E+00
200, 1.24604E+01, -1.39242E+01, -7.68222E+01, 0.00000E+00, 0.00000E+00, 0.00000E+00
201, 2.32628E+02, -6.53193E+01, 6.82793E+01, 0.00000E+00, 0.00000E+00, 0.00000E+00
202, 2.48519E+02, -8.54157E+01, 7.00570E+01, 0.00000E+00, 0.00000E+00, 0.00000E+00
203, 2.47257E+01, 2.00891E+01, -4.96375E+01, 0.00000E+00, 0.00000E+00, 0.00000E+00
204, -1.09160E-01, 2.52685E+01, -4.93674E+01, 0.00000E+00, 0.00000E+00, 0.00000E+00
205, 2.79469E+02, -5.35955E+01, 9.52686E+01, 0.00000E+00, 0.00000E+00, 0.00000E+00
206, 2.63168E+02, -2.97256E+01, 9.31403E+01, 0.00000E+00, 0.00000E+00, 0.00000E+00
207, -1.40687E+00, 1.82888E+01, -4.98240E+01, 0.00000E+00, 0.00000E+00, 0.00000E+00
208, 2.68291E+02, -1.65050E+02, 3.50852E+02, 0.00000E+00, 0.00000E+00, 0.00000E+00
209, 1.22610E+02, -1.16337E+02, -1.50000E+02, 0.00000E+00, 0.00000E+00, 0.00000E+00
210, 1.47322E+02, -1.28759E+02, -1.50000E+02, 0.00000E+00, 0.00000E+00, 0.00000E+00
211, 2.63029E+02, -1.67395E+02, 3.50817E+02, 0.00000E+00, 0.00000E+00, 0.00000E+00
212, -2.70457E+00, 1.13090E+01, -5.02805E+01, 0.00000E+00, 0.00000E+00, 0.00000E+00
213, 1.88611E+02, -4.39834E+01, -1.33335E+02, 0.00000E+00, 0.00000E+00, 0.00000E+00
214, 1.64743E+02, -3.20054E+01, -1.33335E+02, 0.00000E+00, 0.00000E+00, 0.00000E+00
215, 2.57768E+02, -1.69741E+02, 3.50782E+02, 0.00000E+00, 0.00000E+00, 0.00000E+00
216, -4.00228E+00, 4.32930E+00, -5.07370E+01, 0.00000E+00, 0.00000E+00, 0.00000E+00
217, 7.97201E+01, 1.87937E+01, 1.97351E+02, 0.00000E+00, 0.00000E+00, 0.00000E+00
218, 1.05037E+02, 1.74198E+01, 1.96232E+02, 0.00000E+00, 0.00000E+00, 0.00000E+00
219, 2.47466E+02, -1.47481E+02, 3.50391E+02, 0.00000E+00, 0.00000E+00, 0.00000E+00
220, 1.21648E+02, 5.25909E+01, 2.20759E+02, 0.00000E+00, 0.00000E+00, 0.00000E+00
221, 9.38926E+01, 5.30327E+01, 2.22208E+02, 0.00000E+00, 0.00000E+00, 0.00000E+00
222, 2.74798E+02, -1.64440E+02, 3.75500E+02, 0.00000E+00, 0.00000E+00, 0.00000E+00
223, 2.71324E+02, -1.37986E+02, 3.75506E+02, 0.00000E+00, 0.00000E+00, 0.00000E+00
224, 2.69655E+02, -1.66943E+02, 3.75490E+02, 0.00000E+00, 0.00000E+00, 0.00000E+00
225, -5.29999E+00, -2.65042E+00, -5.11936E+01, 0.00000E+00, 0.00000E+00, 0.00000E+00
226, 1.80634E+01, -8.33626E+00, -5.26857E+01, 0.00000E+00, 0.00000E+00, 0.00000E+00
227, 2.33259E+02, -6.34190E+01, 9.41915E+01, 0.00000E+00, 0.00000E+00, 0.00000E+00
228, 2.48508E+02, -8.42857E+01, 9.57977E+01, 0.00000E+00, 0.00000E+00, 0.00000E+00
229, 2.56077E+01, 2.29560E+01, -2.46915E+01, 0.00000E+00, 0.00000E+00, 0.00000E+00
230, -3.36647E-03, 2.54538E+01, -2.40481E+01, 0.00000E+00, 0.00000E+00, 0.00000E+00
231, 2.80782E+02, -5.39738E+01, 1.20895E+02, 0.00000E+00, 0.00000E+00, 0.00000E+00
232, 2.65379E+02, -2.93429E+01, 1.18767E+02, 0.00000E+00, 0.00000E+00, 0.00000E+00
233, -5.12713E-01, 1.88413E+01, -2.45340E+01, 0.00000E+00, 0.00000E+00, 0.00000E+00
234, 2.64511E+02, -1.69446E+02, 3.75479E+02, 0.00000E+00, 0.00000E+00, 0.00000E+00
235, 1.27467E+02, -1.06625E+02, -1.33335E+02, 0.00000E+00, 0.00000E+00, 0.00000E+00
236, 1.51312E+02, -1.18591E+02, -1.33335E+02, 0.00000E+00, 0.00000E+00, 0.00000E+00
237, 2.59368E+02, -1.71949E+02, 3.75469E+02, 0.00000E+00, 0.00000E+00, 0.00000E+00
238, -1.02206E+00, 1.22287E+01, -2.50199E+01, 0.00000E+00, 0.00000E+00, 0.00000E+00
239, 1.82895E+02, -5.32329E+01, -1.16666E+02, 0.00000E+00, 0.00000E+00, 0.00000E+00
240, 1.59906E+02, -4.17154E+01, -1.16665E+02, 0.00000E+00, 0.00000E+00, 0.00000E+00
241, 2.54225E+02, -1.74452E+02, 3.75458E+02, 0.00000E+00, 0.00000E+00, 0.00000E+00
242, -1.53141E+00, 5.61613E+00, -2.55057E+01, 0.00000E+00, 0.00000E+00, 0.00000E+00
243, 8.06782E+01, 1.99954E+01, 2.22840E+02, 0.00000E+00, 0.00000E+00, 0.00000E+00
244, 1.05703E+02, 1.78254E+01, 2.21842E+02, 0.00000E+00, 0.00000E+00, 0.00000E+00
245, 2.44197E+02, -1.52087E+02, 3.75176E+02, 0.00000E+00, 0.00000E+00, 0.00000E+00
246, 1.23562E+02, 5.21242E+01, 2.46527E+02, 0.00000E+00, 0.00000E+00, 0.00000E+00
247, 9.60925E+01, 5.37058E+01, 2.47693E+02, 0.00000E+00, 0.00000E+00, 0.00000E+00
248, 2.70550E+02, -1.68757E+02, 4.00000E+02, 0.00000E+00, 0.00000E+00, 0.00000E+00
249, 2.66895E+02, -1.42578E+02, 4.00000E+02, 0.00000E+00, 0.00000E+00, 0.00000E+00
250, 2.65590E+02, -1.71527E+02, 4.00000E+02, 0.00000E+00, 0.00000E+00, 0.00000E+00
251, -2.04075E+00, -9.96429E-01, -2.59916E+01, 0.00000E+00, 0.00000E+00, 0.00000E+00
252, 2.60409E+02, -1.46252E+02, 4.00000E+02, 0.00000E+00, 0.00000E+00, 0.00000E+00
253, 2.17258E+01, -4.07443E+00, -2.78973E+01, 0.00000E+00, 0.00000E+00, 0.00000E+00
254, 2.33156E+02, -6.23519E+01, 1.20093E+02, 0.00000E+00, 0.00000E+00, 0.00000E+00
255, 2.47859E+02, -8.37917E+01, 1.21523E+02, 0.00000E+00, 0.00000E+00, 0.00000E+00
256, 2.63223E+01, 2.57563E+01, 2.65539E-01, 0.00000E+00, 0.00000E+00, 0.00000E+00
257, 3.05543E-01, 2.59950E+01, 1.26440E+00, 0.00000E+00, 0.00000E+00, 0.00000E+00
258, 2.80890E+02, -5.44942E+01, 1.46746E+02, 0.00000E+00, 0.00000E+00, 0.00000E+00
259, 2.65989E+02, -2.91213E+01, 1.44565E+02, 0.00000E+00, 0.00000E+00, 0.00000E+00
260, 2.01899E-01, 1.94750E+01, 7.95126E-01, 0.00000E+00, 0.00000E+00, 0.00000E+00
261, 2.60630E+02, -1.74297E+02, 4.00000E+02, 0.00000E+00, 0.00000E+00, 0.00000E+00
262, 2.53923E+02, -1.49927E+02, 4.00000E+02, 0.00000E+00, 0.00000E+00, 0.00000E+00
263, 1.32321E+02, -9.69189E+01, -1.16665E+02, 0.00000E+00, 0.00000E+00, 0.00000E+00
264, 1.55299E+02, -1.08430E+02, -1.16665E+02, 0.00000E+00, 0.00000E+00, 0.00000E+00
265, 2.55671E+02, -1.77067E+02, 4.00000E+02, 0.00000E+00, 0.00000E+00, 0.00000E+00
266, 9.82541E-02, 1.29551E+01, 3.25849E-01, 0.00000E+00, 0.00000E+00, 0.00000E+00
267, 2.47437E+02, -1.53601E+02, 4.00000E+02, 0.00000E+00, 0.00000E+00, 0.00000E+00
268, 1.77177E+02, -6.24865E+01, -1.00000E+02, 0.00000E+00, 0.00000E+00, 0.00000E+00
269, 1.55065E+02, -5.14308E+01, -1.00000E+02, 0.00000E+00, 0.00000E+00, 0.00000E+00
270, 2.50711E+02, -1.79838E+02, 4.00000E+02, 0.00000E+00, 0.00000E+00, 0.00000E+00
271, -5.39023E-03, 6.43508E+00, -1.43429E-01, 0.00000E+00, 0.00000E+00, 0.00000E+00
272, 8.17355E+01, 2.10648E+01, 2.48251E+02, 0.00000E+00, 0.00000E+00, 0.00000E+00
273, 1.06413E+02, 1.79037E+01, 2.47383E+02, 0.00000E+00, 0.00000E+00, 0.00000E+00
274, 2.40951E+02, -1.57276E+02, 4.00000E+02, 0.00000E+00, 0.00000E+00, 0.00000E+00
275, 1.25310E+02, 5.11478E+01, 2.72248E+02, 0.00000E+00, 0.00000E+00, 0.00000E+00
276, 9.81283E+01, 5.40678E+01, 2.73163E+02, 0.00000E+00, 0.00000E+00, 0.00000E+00
277, -1.09035E-01, -8.48990E-02, -6.12706E-01, 0.00000E+00, 0.00000E+00, 0.00000E+00
278, 2.39560E+01, -9.48208E-01, -2.77418E+00, 0.00000E+00, 0.00000E+00, 0.00000E+00
279, 2.32532E+02, -6.21999E+01, 1.45831E+02, 0.00000E+00, 0.00000E+00, 0.00000E+00
280, 2.46737E+02, -8.40111E+01, 1.47154E+02, 0.00000E+00, 0.00000E+00, 0.00000E+00
281, 2.70736E+01, 2.83841E+01, 2.51478E+01, 0.00000E+00, 0.00000E+00, 0.00000E+00
282, 8.18365E-01, 2.68934E+01, 2.65635E+01, 0.00000E+00, 0.00000E+00, 0.00000E+00
283, 2.80217E+02, -5.57097E+01, 1.72540E+02, 0.00000E+00, 0.00000E+00, 0.00000E+00
284, 2.65823E+02, -2.99420E+01, 1.70469E+02, 0.00000E+00, 0.00000E+00, 0.00000E+00
285, 8.56404E-01, 2.02973E+01, 2.61296E+01, 0.00000E+00, 0.00000E+00, 0.00000E+00
286, 2.96958E+02, -1.11054E+02, 1.75996E+02, 0.00000E+00, 0.00000E+00, 0.00000E+00
287, 3.00291E+02, -1.38532E+02, 1.77002E+02, 0.00000E+00, 0.00000E+00, 0.00000E+00
288, 1.37177E+02, -8.72078E+01, -1.00000E+02, 0.00000E+00, 0.00000E+00, 0.00000E+00
289, 1.59288E+02, -9.82636E+01, -1.00000E+02, 0.00000E+00, 0.00000E+00, 0.00000E+00
290, 8.94442E-01, 1.37011E+01, 2.56958E+01, 0.00000E+00, 0.00000E+00, 0.00000E+00
291, 1.83510E+02, -5.04413E+01, -7.80261E+01, 0.00000E+00, 0.00000E+00, 0.00000E+00
292, 1.61164E+02, -3.92085E+01, -7.80566E+01, 0.00000E+00, 0.00000E+00, 0.00000E+00
293, 9.32481E-01, 7.10501E+00, 2.52620E+01, 0.00000E+00, 0.00000E+00, 0.00000E+00
294, 8.28935E+01, 2.20798E+01, 2.73582E+02, 0.00000E+00, 0.00000E+00, 0.00000E+00
295, 1.07172E+02, 1.77603E+01, 2.72833E+02, 0.00000E+00, 0.00000E+00, 0.00000E+00
296, 1.26955E+02, 4.97482E+01, 2.97950E+02, 0.00000E+00, 0.00000E+00, 0.00000E+00
297, 1.00223E+02, 5.41795E+01, 2.98566E+02, 0.00000E+00, 0.00000E+00, 0.00000E+00
298, 9.70520E-01, 5.08880E-01, 2.48281E+01, 0.00000E+00, 0.00000E+00, 0.00000E+00
299, 2.51549E+01, 1.39303E+00, 2.26772E+01, 0.00000E+00, 0.00000E+00, 0.00000E+00
300, 2.31323E+02, -6.26829E+01, 1.71534E+02, 0.00000E+00, 0.00000E+00, 0.00000E+00
301, 2.44996E+02, -8.45331E+01, 1.72698E+02, 0.00000E+00, 0.00000E+00, 0.00000E+00
302, 2.78379E+01, 3.08846E+01, 5.01259E+01, 0.00000E+00, 0.00000E+00, 0.00000E+00
303, 1.53549E+00, 2.81498E+01, 5.18423E+01, 0.00000E+00, 0.00000E+00, 0.00000E+00
304, 2.78914E+02, -5.77179E+01, 1.98241E+02, 0.00000E+00, 0.00000E+00, 0.00000E+00
305, 2.64971E+02, -3.17598E+01, 1.96430E+02, 0.00000E+00, 0.00000E+00, 0.00000E+00
306, 1.55671E+00, 2.14042E+01, 5.14522E+01, 0.00000E+00, 0.00000E+00, 0.00000E+00
307, 1.45686E+02, -7.30269E+01, -8.05896E+01, 0.00000E+00, 0.00000E+00, 0.00000E+00
308, 1.67316E+02, -8.41658E+01, -8.04425E+01, 0.00000E+00, 0.00000E+00, 0.00000E+00
309, 1.57792E+00, 1.46587E+01, 5.10621E+01, 0.00000E+00, 0.00000E+00, 0.00000E+00
310, 1.89901E+02, -3.85679E+01, -5.55626E+01, 0.00000E+00, 0.00000E+00, 0.00000E+00
311, 1.67226E+02, -2.71205E+01, -5.56956E+01, 0.00000E+00, 0.00000E+00, 0.00000E+00
312, 1.59913E+00, 7.91315E+00, 5.06720E+01, 0.00000E+00, 0.00000E+00, 0.00000E+00
313, 8.42193E+01, 2.31150E+01, 2.98854E+02, 0.00000E+00, 0.00000E+00, 0.00000E+00
314, 1.08016E+02, 1.75000E+01, 2.98222E+02, 0.00000E+00, 0.00000E+00, 0.00000E+00
315, 1.28282E+02, 4.80899E+01, 3.23566E+02, 0.00000E+00, 0.00000E+00, 0.00000E+00
316, 1.02128E+02, 5.41434E+01, 3.23913E+02, 0.00000E+00, 0.00000E+00, 0.00000E+00
317, 1.62035E+00, 1.16762E+00, 5.02819E+01, 0.00000E+00, 0.00000E+00, 0.00000E+00
318, 2.59763E+01, 3.34989E+00, 4.81654E+01, 0.00000E+00, 0.00000E+00, 0.00000E+00
319, 2.29521E+02, -6.35990E+01, 1.97272E+02, 0.00000E+00, 0.00000E+00, 0.00000E+00
320, 2.42838E+02, -8.55277E+01, 1.98223E+02, 0.00000E+00, 0.00000E+00, 0.00000E+00
321, 2.88111E+01, 3.33353E+01, 7.52194E+01, 0.00000E+00, 0.00000E+00, 0.00000E+00
322, 2.45635E+00, 2.97630E+01, 7.70945E+01, 0.00000E+00, 0.00000E+00, 0.00000E+00
323, 2.77070E+02, -6.05094E+01, 2.23847E+02, 0.00000E+00, 0.00000E+00, 0.00000E+00
324, 2.63508E+02, -3.45050E+01, 2.22437E+02, 0.00000E+00, 0.00000E+00, 0.00000E+00
325, 2.35109E+00, 2.28391E+01, 7.67542E+01, 0.00000E+00, 0.00000E+00, 0.00000E+00
326, 1.53277E+02, -5.96403E+01, -5.94942E+01, 0.00000E+00, 0.00000E+00, 0.00000E+00
327, 1.74567E+02, -7.10023E+01, -5.91740E+01, 0.00000E+00, 0.00000E+00, 0.00000E+00
328, 2.24583E+00, 1.59152E+01, 7.64139E+01, 0.00000E+00, 0.00000E+00, 0.00000E+00
329, 1.96198E+02, -2.73459E+01, -3.27252E+01, 0.00000E+00, 0.00000E+00, 0.00000E+00
330, 1.73113E+02, -1.55749E+01, -3.29383E+01, 0.00000E+00, 0.00000E+00, 0.00000E+00
331, 2.14057E+00, 8.99122E+00, 7.60736E+01, 0.00000E+00, 0.00000E+00, 0.00000E+00
332, 8.56830E+01, 2.42620E+01, 3.24029E+02, 0.00000E+00, 0.00000E+00, 0.00000E+00
333, 1.08930E+02, 1.72453E+01, 3.23553E+02, 0.00000E+00, 0.00000E+00, 0.00000E+00
334, 1.29188E+02, 4.63675E+01, 3.49100E+02, 0.00000E+00, 0.00000E+00, 0.00000E+00
335, 1.03863E+02, 5.40700E+01, 3.49296E+02, 0.00000E+00, 0.00000E+00, 0.00000E+00
336, 2.03531E+00, 2.06729E+00, 7.57333E+01, 0.00000E+00, 0.00000E+00, 0.00000E+00
337, 2.64693E+01, 5.15358E+00, 7.36379E+01, 0.00000E+00, 0.00000E+00, 0.00000E+00
338, 2.27390E+02, -6.51378E+01, 2.22913E+02, 0.00000E+00, 0.00000E+00, 0.00000E+00
339, 2.40418E+02, -8.71133E+01, 2.23676E+02, 0.00000E+00, 0.00000E+00, 0.00000E+00
340, 3.00810E+01, 3.57930E+01, 1.00305E+02, 0.00000E+00, 0.00000E+00, 0.00000E+00
341, 3.58084E+00, 3.17330E+01, 1.02313E+02, 0.00000E+00, 0.00000E+00, 0.00000E+00
342, 2.74677E+02, -6.38493E+01, 2.49361E+02, 0.00000E+00, 0.00000E+00, 0.00000E+00
343, 2.61514E+02, -3.80329E+01, 2.48212E+02, 0.00000E+00, 0.00000E+00, 0.00000E+00
344, 3.27600E+00, 2.46338E+01, 1.02027E+02, 0.00000E+00, 0.00000E+00, 0.00000E+00
345, 1.59751E+02, -4.74470E+01, -3.68919E+01, 0.00000E+00, 0.00000E+00, 0.00000E+00
346, 1.80877E+02, -5.91552E+01, -3.63201E+01, 0.00000E+00, 0.00000E+00, 0.00000E+00
347, 2.97116E+00, 1.75345E+01, 1.01742E+02, 0.00000E+00, 0.00000E+00, 0.00000E+00
348, 2.02073E+02, -1.69930E+01, -9.28451E+00, 0.00000E+00, 0.00000E+00, 0.00000E+00
349, 1.78609E+02, -4.84876E+00, -9.56499E+00, 0.00000E+00, 0.00000E+00, 0.00000E+00
350, 2.66632E+00, 1.04352E+01, 1.01456E+02, 0.00000E+00, 0.00000E+00, 0.00000E+00
351, 8.72908E+01, 2.56250E+01, 3.49229E+02, 0.00000E+00, 0.00000E+00, 0.00000E+00
352, 1.09946E+02, 1.71174E+01, 3.48958E+02, 0.00000E+00, 0.00000E+00, 0.00000E+00
353, 1.30011E+02, 4.46317E+01, 3.74606E+02, 0.00000E+00, 0.00000E+00, 0.00000E+00
354, 1.05407E+02, 5.40940E+01, 3.74704E+02, 0.00000E+00, 0.00000E+00, 0.00000E+00
355, 2.36148E+00, 3.33598E+00, 1.01170E+02, 0.00000E+00, 0.00000E+00, 0.00000E+00
356, 2.68750E+01, 6.96191E+00, 9.90402E+01, 0.00000E+00, 0.00000E+00, 0.00000E+00
357, 2.25046E+02, -6.72835E+01, 2.48407E+02, 0.00000E+00, 0.00000E+00, 0.00000E+00
358, 2.37778E+02, -8.92108E+01, 2.49011E+02, 0.00000E+00, 0.00000E+00, 0.00000E+00
359, 3.15990E+01, 3.82867E+01, 1.25336E+02, 0.00000E+00, 0.00000E+00, 0.00000E+00
360, 4.90862E+00, 3.40592E+01, 1.27492E+02, 0.00000E+00, 0.00000E+00, 0.00000E+00
361, 2.71790E+02, -6.76664E+01, 2.74797E+02, 0.00000E+00, 0.00000E+00, 0.00000E+00
362, 2.58996E+02, -4.21732E+01, 2.73918E+02, 0.00000E+00, 0.00000E+00, 0.00000E+00
363, 4.35889E+00, 2.68092E+01, 1.27264E+02, 0.00000E+00, 0.00000E+00, 0.00000E+00
364, 1.65054E+02, -3.67333E+01, -1.28404E+01, 0.00000E+00, 0.00000E+00, 0.00000E+00
365, 1.86186E+02, -4.89701E+01, -1.20435E+01, 0.00000E+00, 0.00000E+00, 0.00000E+00
366, 3.80915E+00, 1.95593E+01, 1.27036E+02, 0.00000E+00, 0.00000E+00, 0.00000E+00
367, 2.07522E+02, -8.07772E+00, 1.48240E+01, 0.00000E+00, 0.00000E+00, 0.00000E+00
368, 1.83492E+02, 4.57602E+00, 1.43990E+01, 0.00000E+00, 0.00000E+00, 0.00000E+00
369, 3.25941E+00, 1.23093E+01, 1.26809E+02, 0.00000E+00, 0.00000E+00, 0.00000E+00
370, 8.90285E+01, 2.73337E+01, 3.74541E+02, 0.00000E+00, 0.00000E+00, 0.00000E+00
371, 1.11170E+02, 1.72090E+01, 3.74453E+02, 0.00000E+00, 0.00000E+00, 0.00000E+00
372, 1.30636E+02, 4.30914E+01, 4.00000E+02, 0.00000E+00, 0.00000E+00, 0.00000E+00
373, 1.06732E+02, 5.43775E+01, 4.00000E+02, 0.00000E+00, 0.00000E+00, 0.00000E+00
374, 2.70967E+00, 5.05935E+00, 1.26581E+02, 0.00000E+00, 0.00000E+00, 0.00000E+00
375, 1.26179E+02, 3.67013E+01, 4.00000E+02, 0.00000E+00, 0.00000E+00, 0.00000E+00
376, 1.02864E+02, 4.81205E+01, 4.00000E+02, 0.00000E+00, 0.00000E+00, 0.00000E+00
377, 2.73281E+01, 8.89991E+00, 1.24402E+02, 0.00000E+00, 0.00000E+00, 0.00000E+00
378, 2.22560E+02, -6.99699E+01, 2.73758E+02, 0.00000E+00, 0.00000E+00, 0.00000E+00
379, 2.34993E+02, -9.18014E+01, 2.74266E+02, 0.00000E+00, 0.00000E+00, 0.00000E+00
380, 3.32714E+01, 4.08417E+01, 1.50478E+02, 0.00000E+00, 0.00000E+00, 0.00000E+00
381, 6.43898E+00, 3.67402E+01, 1.52623E+02, 0.00000E+00, 0.00000E+00, 0.00000E+00
382, 2.68477E+02, -7.19359E+01, 3.00182E+02, 0.00000E+00, 0.00000E+00, 0.00000E+00
383, 2.56015E+02, -4.68036E+01, 2.99538E+02, 0.00000E+00, 0.00000E+00, 0.00000E+00
384, 5.61239E+00, 2.93725E+01, 1.52456E+02, 0.00000E+00, 0.00000E+00, 0.00000E+00
385, 1.21722E+02, 3.03111E+01, 4.00000E+02, 0.00000E+00, 0.00000E+00, 0.00000E+00
386, 9.89952E+01, 4.18634E+01, 4.00000E+02, 0.00000E+00, 0.00000E+00, 0.00000E+00
387, 1.69202E+02, -2.78200E+01, 1.24200E+01, 0.00000E+00, 0.00000E+00, 0.00000E+00
388, 1.90358E+02, -4.07154E+01, 1.32390E+01, 0.00000E+00, 0.00000E+00, 0.00000E+00
389, 4.78579E+00, 2.20047E+01, 1.52288E+02, 0.00000E+00, 0.00000E+00, 0.00000E+00
390, 1.17265E+02, 2.39209E+01, 4.00000E+02, 0.00000E+00, 0.00000E+00, 0.00000E+00
391, 9.51268E+01, 3.56064E+01, 4.00000E+02, 0.00000E+00, 0.00000E+00, 0.00000E+00
392, 2.12352E+02, -8.35715E-01, 3.95147E+01, 0.00000E+00, 0.00000E+00, 0.00000E+00
393, 1.87671E+02, 1.24430E+01, 3.88814E+01, 0.00000E+00, 0.00000E+00, 0.00000E+00
394, 3.95920E+00, 1.46370E+01, 1.52120E+02, 0.00000E+00, 0.00000E+00, 0.00000E+00
395, 9.12585E+01, 2.93493E+01, 4.00000E+02, 0.00000E+00, 0.00000E+00, 0.00000E+00
396, 1.12808E+02, 1.75307E+01, 4.00000E+02, 0.00000E+00, 0.00000E+00, 0.00000E+00
397, 9.53457E+01, 1.50284E+01, -2.00000E+02, 0.00000E+00, 0.00000E+00, 0.00000E+00
398, 1.20092E+02, 2.58926E+00, -2.00000E+02, 0.00000E+00, 0.00000E+00, 0.00000E+00
399, 1.20092E+02, 2.58926E+00, -1.75000E+02, 0.00000E+00, 0.00000E+00, 0.00000E+00
400, 9.53457E+01, 1.50284E+01, -1.75000E+02, 0.00000E+00, 0.00000E+00, 0.00000E+00
401, 8.35421E+01, -8.45333E+00, -2.00000E+02, 0.00000E+00, 0.00000E+00, 0.00000E+00
402, 1.08288E+02, -2.08924E+01, -2.00000E+02, 0.00000E+00, 0.00000E+00, 0.00000E+00
403, 3.13261E+00, 7.26923E+00, 1.51953E+02, 0.00000E+00, 0.00000E+00, 0.00000E+00
404, 2.78100E+01, 1.10140E+01, 1.49746E+02, 0.00000E+00, 0.00000E+00, 0.00000E+00
405, 2.19998E+02, -7.31710E+01, 2.99120E+02, 0.00000E+00, 0.00000E+00, 0.00000E+00
406, 2.32142E+02, -9.49476E+01, 2.99548E+02, 0.00000E+00, 0.00000E+00, 0.00000E+00
407, 3.50214E+01, 4.34687E+01, 1.75748E+02, 0.00000E+00, 0.00000E+00, 0.00000E+00
408, 8.17086E+00, 3.97743E+01, 1.77701E+02, 0.00000E+00, 0.00000E+00, 0.00000E+00
409, 2.64803E+02, -7.65427E+01, 3.25397E+02, 0.00000E+00, 0.00000E+00, 0.00000E+00
410, 2.52623E+02, -5.17401E+01, 3.24952E+02, 0.00000E+00, 0.00000E+00, 0.00000E+00
411, 7.05683E+00, 3.23323E+01, 1.77593E+02, 0.00000E+00, 0.00000E+00, 0.00000E+00
412, 7.17386E+01, -3.19350E+01, -2.00000E+02, 0.00000E+00, 0.00000E+00, 0.00000E+00
413, 9.64846E+01, -4.43741E+01, -2.00000E+02, 0.00000E+00, 0.00000E+00, 0.00000E+00
414, 5.99350E+01, -5.54167E+01, -2.00000E+02, 0.00000E+00, 0.00000E+00, 0.00000E+00
415, 8.46810E+01, -6.78558E+01, -2.00000E+02, 0.00000E+00, 0.00000E+00, 0.00000E+00
416, 1.72324E+02, -2.07260E+01, 3.83640E+01, 0.00000E+00, 0.00000E+00, 0.00000E+00
417, 1.93540E+02, -3.42822E+01, 3.91527E+01, 0.00000E+00, 0.00000E+00, 0.00000E+00
418, 5.94281E+00, 2.48902E+01, 1.77485E+02, 0.00000E+00, 0.00000E+00, 0.00000E+00
419, 2.16335E+02, 4.85176E+00, 6.47144E+01, 0.00000E+00, 0.00000E+00, 0.00000E+00
420, 1.91162E+02, 1.87642E+01, 6.38755E+01, 0.00000E+00, 0.00000E+00, 0.00000E+00
421, 4.81315E+01, -7.88984E+01, -2.00000E+02, 0.00000E+00, 0.00000E+00, 0.00000E+00
422, 7.28775E+01, -9.13375E+01, -2.00000E+02, 0.00000E+00, 0.00000E+00, 0.00000E+00
423, 4.82878E+00, 1.74482E+01, 1.77377E+02, 0.00000E+00, 0.00000E+00, 0.00000E+00
424, 4.83036E+01, -7.89849E+01, -1.75000E+02, 0.00000E+00, 0.00000E+00, 0.00000E+00
425, 7.30324E+01, -9.14153E+01, -1.75000E+02, 0.00000E+00, 0.00000E+00, 0.00000E+00
426, 1.20092E+02, 2.58926E+00, -1.50000E+02, 0.00000E+00, 0.00000E+00, 0.00000E+00
427, 9.53457E+01, 1.50284E+01, -1.50000E+02, 0.00000E+00, 0.00000E+00, 0.00000E+00
428, 3.71475E+00, 1.00062E+01, 1.77269E+02, 0.00000E+00, 0.00000E+00, 0.00000E+00
429, 2.84362E+01, 1.33713E+01, 1.75187E+02, 0.00000E+00, 0.00000E+00, 0.00000E+00
430, 2.17469E+02, -7.68711E+01, 3.24372E+02, 0.00000E+00, 0.00000E+00, 0.00000E+00
431, 2.29313E+02, -9.86231E+01, 3.24705E+02, 0.00000E+00, 0.00000E+00, 0.00000E+00
432, 3.70258E+01, 4.61909E+01, 2.00884E+02, 0.00000E+00, 0.00000E+00, 0.00000E+00
433, 1.01032E+01, 4.31595E+01, 2.02720E+02, 0.00000E+00, 0.00000E+00, 0.00000E+00
434, 2.60813E+02, -8.13747E+01, 3.50433E+02, 0.00000E+00, 0.00000E+00, 0.00000E+00
435, 2.48923E+02, -5.69375E+01, 3.50179E+02, 0.00000E+00, 0.00000E+00, 0.00000E+00
436, 8.70484E+00, 3.56912E+01, 2.02669E+02, 0.00000E+00, 0.00000E+00, 0.00000E+00
437, 1.74560E+02, -1.52249E+01, 6.46024E+01, 0.00000E+00, 0.00000E+00, 0.00000E+00
438, 1.95829E+02, -2.94201E+01, 6.53056E+01, 0.00000E+00, 0.00000E+00, 0.00000E+00
439, 7.30651E+00, 2.82230E+01, 2.02618E+02, 0.00000E+00, 0.00000E+00, 0.00000E+00
440, 2.19621E+02, 8.86010E+00, 9.00722E+01, 0.00000E+00, 0.00000E+00, 0.00000E+00
441, 1.94052E+02, 2.34954E+01, 8.91794E+01, 0.00000E+00, 0.00000E+00, 0.00000E+00
442, 5.90817E+00, 2.07547E+01, 2.02566E+02, 0.00000E+00, 0.00000E+00, 0.00000E+00
443, 4.84757E+01, -7.90714E+01, -1.50000E+02, 0.00000E+00, 0.00000E+00, 0.00000E+00
444, 7.31873E+01, -9.14932E+01, -1.50000E+02, 0.00000E+00, 0.00000E+00, 0.00000E+00
445, 1.17008E+02, -8.04833E+00, -1.33334E+02, 0.00000E+00, 0.00000E+00, 0.00000E+00
446, 9.31409E+01, 3.93118E+00, -1.33333E+02, 0.00000E+00, 0.00000E+00, 0.00000E+00
447, 4.50984E+00, 1.32864E+01, 2.02515E+02, 0.00000E+00, 0.00000E+00, 0.00000E+00
448, 2.93562E+01, 1.60112E+01, 2.00583E+02, 0.00000E+00, 0.00000E+00, 0.00000E+00
449, 2.14996E+02, -8.09813E+01, 3.49606E+02, 0.00000E+00, 0.00000E+00, 0.00000E+00
450, 2.26530E+02, -1.02786E+02, 3.49839E+02, 0.00000E+00, 0.00000E+00, 0.00000E+00
451, 3.92084E+01, 4.90164E+01, 2.25931E+02, 0.00000E+00, 0.00000E+00, 0.00000E+00
452, 1.22347E+01, 4.68937E+01, 2.27673E+02, 0.00000E+00, 0.00000E+00, 0.00000E+00
453, 2.56628E+02, -8.65278E+01, 3.75327E+02, 0.00000E+00, 0.00000E+00, 0.00000E+00
454, 2.45046E+02, -6.23989E+01, 3.75221E+02, 0.00000E+00, 0.00000E+00, 0.00000E+00
455, 1.05699E+01, 3.94505E+01, 2.27673E+02, 0.00000E+00, 0.00000E+00, 0.00000E+00
456, 1.76108E+02, -1.12475E+01, 9.09071E+01, 0.00000E+00, 0.00000E+00, 0.00000E+00
457, 1.97327E+02, -2.59981E+01, 9.15290E+01, 0.00000E+00, 0.00000E+00, 0.00000E+00
458, 8.90520E+00, 3.20073E+01, 2.27673E+02, 0.00000E+00, 0.00000E+00, 0.00000E+00
459, 2.21903E+02, 1.15175E+01, 1.15529E+02, 0.00000E+00, 0.00000E+00, 0.00000E+00
460, 1.96384E+02, 2.66971E+01, 1.14738E+02, 0.00000E+00, 0.00000E+00, 0.00000E+00
461, 7.24047E+00, 2.45642E+01, 2.27673E+02, 0.00000E+00, 0.00000E+00, 0.00000E+00
462, 5.59323E+01, -7.07259E+01, -1.33335E+02, 0.00000E+00, 0.00000E+00, 0.00000E+00
463, 7.97773E+01, -8.26920E+01, -1.33335E+02, 0.00000E+00, 0.00000E+00, 0.00000E+00
464, 1.13926E+02, -1.86814E+01, -1.16665E+02, 0.00000E+00, 0.00000E+00, 0.00000E+00
465, 9.09367E+01, -7.16465E+00, -1.16665E+02, 0.00000E+00, 0.00000E+00, 0.00000E+00
466, 5.57574E+00, 1.71210E+01, 2.27673E+02, 0.00000E+00, 0.00000E+00, 0.00000E+00
467, 3.04995E+01, 1.89375E+01, 2.25848E+02, 0.00000E+00, 0.00000E+00, 0.00000E+00
468, 2.12651E+02, -8.54358E+01, 3.74817E+02, 0.00000E+00, 0.00000E+00, 0.00000E+00
469, 2.23830E+02, -1.07346E+02, 3.74926E+02, 0.00000E+00, 0.00000E+00, 0.00000E+00
470, 4.15120E+01, 5.19487E+01, 2.50906E+02, 0.00000E+00, 0.00000E+00, 0.00000E+00
471, 1.45639E+01, 5.09742E+01, 2.52553E+02, 0.00000E+00, 0.00000E+00, 0.00000E+00
472, 2.52288E+02, -9.18381E+01, 4.00000E+02, 0.00000E+00, 0.00000E+00, 0.00000E+00
473, 2.41028E+02, -6.79290E+01, 4.00000E+02, 0.00000E+00, 0.00000E+00, 0.00000E+00
474, 1.26644E+01, 4.36074E+01, 2.52596E+02, 0.00000E+00, 0.00000E+00, 0.00000E+00
475, 2.44524E+02, -9.69384E+01, 4.00000E+02, 0.00000E+00, 0.00000E+00, 0.00000E+00
476, 2.33386E+02, -7.34827E+01, 4.00000E+02, 0.00000E+00, 0.00000E+00, 0.00000E+00
477, 1.77082E+02, -8.62493E+00, 1.17186E+02, 0.00000E+00, 0.00000E+00, 0.00000E+00
478, 1.98131E+02, -2.38413E+01, 1.17724E+02, 0.00000E+00, 0.00000E+00, 0.00000E+00
479, 1.07650E+01, 3.62407E+01, 2.52639E+02, 0.00000E+00, 0.00000E+00, 0.00000E+00
480, 2.23505E+02, 1.27616E+01, 1.41251E+02, 0.00000E+00, 0.00000E+00, 0.00000E+00
481, 1.98266E+02, 2.84105E+01, 1.40560E+02, 0.00000E+00, 0.00000E+00, 0.00000E+00
482, 2.36761E+02, -1.02039E+02, 4.00000E+02, 0.00000E+00, 0.00000E+00, 0.00000E+00
483, 2.25745E+02, -7.90364E+01, 4.00000E+02, 0.00000E+00, 0.00000E+00, 0.00000E+00
484, 8.86563E+00, 2.88739E+01, 2.52682E+02, 0.00000E+00, 0.00000E+00, 0.00000E+00
485, 6.33876E+01, -6.23827E+01, -1.16667E+02, 0.00000E+00, 0.00000E+00, 0.00000E+00
486, 8.63652E+01, -7.38949E+01, -1.16667E+02, 0.00000E+00, 0.00000E+00, 0.00000E+00
487, 1.10842E+02, -2.93193E+01, -1.00000E+02, 0.00000E+00, 0.00000E+00, 0.00000E+00
488, 8.87310E+01, -1.82636E+01, -1.00000E+02, 0.00000E+00, 0.00000E+00, 0.00000E+00
489, 2.28997E+02, -1.07139E+02, 4.00000E+02, 0.00000E+00, 0.00000E+00, 0.00000E+00
490, 2.18103E+02, -8.45901E+01, 4.00000E+02, 0.00000E+00, 0.00000E+00, 0.00000E+00
491, 6.96622E+00, 2.15071E+01, 2.52725E+02, 0.00000E+00, 0.00000E+00, 0.00000E+00
492, 3.18886E+01, 2.21769E+01, 2.51020E+02, 0.00000E+00, 0.00000E+00, 0.00000E+00
493, 2.21234E+02, -1.12239E+02, 4.00000E+02, 0.00000E+00, 0.00000E+00, 0.00000E+00
494, 2.10462E+02, -9.01438E+01, 4.00000E+02, 0.00000E+00, 0.00000E+00, 0.00000E+00
495, 4.39651E+01, 5.50121E+01, 2.75831E+02, 0.00000E+00, 0.00000E+00, 0.00000E+00
496, 1.70893E+01, 5.53985E+01, 2.77356E+02, 0.00000E+00, 0.00000E+00, 0.00000E+00
497, 2.56764E+02, -9.55270E+01, -2.00000E+02, 0.00000E+00, 0.00000E+00, 0.00000E+00
498, 2.81510E+02, -1.07966E+02, -2.00000E+02, 0.00000E+00, 0.00000E+00, 0.00000E+00
499, 2.93314E+02, -8.44844E+01, -2.00000E+02, 0.00000E+00, 0.00000E+00, 0.00000E+00
500, 2.68568E+02, -7.20453E+01, -2.00000E+02, 0.00000E+00, 0.00000E+00, 0.00000E+00
501, 1.49948E+01, 4.81575E+01, 2.77430E+02, 0.00000E+00, 0.00000E+00, 0.00000E+00
502, 2.93314E+02, -8.44844E+01, -1.75000E+02, 0.00000E+00, 0.00000E+00, 0.00000E+00
503, 2.68568E+02, -7.20453E+01, -1.75000E+02, 0.00000E+00, 0.00000E+00, 0.00000E+00
504, 1.77591E+02, -7.24460E+00, 1.43328E+02, 0.00000E+00, 0.00000E+00, 0.00000E+00
505, 1.98379E+02, -2.28733E+01, 1.43822E+02, 0.00000E+00, 0.00000E+00, 0.00000E+00
506, 2.44961E+02, -1.19009E+02, -2.00000E+02, 0.00000E+00, 0.00000E+00, 0.00000E+00
507, 2.69707E+02, -1.31448E+02, -2.00000E+02, 0.00000E+00, 0.00000E+00, 0.00000E+00
508, 1.29002E+01, 4.09165E+01, 2.77505E+02, 0.00000E+00, 0.00000E+00, 0.00000E+00
509, 2.24439E+02, 1.26943E+01, 1.67283E+02, 0.00000E+00, 0.00000E+00, 0.00000E+00
510, 1.99645E+02, 2.87648E+01, 1.66639E+02, 0.00000E+00, 0.00000E+00, 0.00000E+00
511, 2.33157E+02, -1.42490E+02, -2.00000E+02, 0.00000E+00, 0.00000E+00, 0.00000E+00
512, 2.57903E+02, -1.54929E+02, -2.00000E+02, 0.00000E+00, 0.00000E+00, 0.00000E+00
513, 1.08057E+01, 3.36755E+01, 2.77579E+02, 0.00000E+00, 0.00000E+00, 0.00000E+00
514, 7.08425E+01, -5.40407E+01, -1.00000E+02, 0.00000E+00, 0.00000E+00, 0.00000E+00
515, 9.29539E+01, -6.50964E+01, -1.00000E+02, 0.00000E+00, 0.00000E+00, 0.00000E+00
516, 1.15994E+02, -1.79286E+01, -7.75431E+01, 0.00000E+00, 0.00000E+00, 0.00000E+00
517, 9.31705E+01, -8.21124E+00, -7.68468E+01, 0.00000E+00, 0.00000E+00, 0.00000E+00
518, 2.21354E+02, -1.65972E+02, -2.00000E+02, 0.00000E+00, 0.00000E+00, 0.00000E+00
519, 2.46100E+02, -1.78411E+02, -2.00000E+02, 0.00000E+00, 0.00000E+00, 0.00000E+00
520, 8.71125E+00, 2.64346E+01, 2.77654E+02, 0.00000E+00, 0.00000E+00, 0.00000E+00
521, 2.21405E+02, -1.65998E+02, -1.75000E+02, 0.00000E+00, 0.00000E+00, 0.00000E+00
522, 2.46134E+02, -1.78428E+02, -1.75000E+02, 0.00000E+00, 0.00000E+00, 0.00000E+00
523, 3.35093E+01, 2.57493E+01, 2.76096E+02, 0.00000E+00, 0.00000E+00, 0.00000E+00
524, 4.65610E+01, 5.82252E+01, 3.00739E+02, 0.00000E+00, 0.00000E+00, 0.00000E+00
525, 1.98092E+01, 6.01635E+01, 3.02074E+02, 0.00000E+00, 0.00000E+00, 0.00000E+00
526, 2.93314E+02, -8.44844E+01, -1.50000E+02, 0.00000E+00, 0.00000E+00, 0.00000E+00
527, 2.68568E+02, -7.20453E+01, -1.50000E+02, 0.00000E+00, 0.00000E+00, 0.00000E+00
528, 1.75678E+01, 5.30931E+01, 3.02167E+02, 0.00000E+00, 0.00000E+00, 0.00000E+00
529, 1.77663E+02, -6.93599E+00, 1.69343E+02, 0.00000E+00, 0.00000E+00, 0.00000E+00
530, 1.98092E+02, -2.29095E+01, 1.69812E+02, 0.00000E+00, 0.00000E+00, 0.00000E+00
531, 1.53265E+01, 4.60227E+01, 3.02259E+02, 0.00000E+00, 0.00000E+00, 0.00000E+00
532, 2.24829E+02, 1.13457E+01, 1.93487E+02, 0.00000E+00, 0.00000E+00, 0.00000E+00
533, 2.00621E+02, 2.78214E+01, 1.92864E+02, 0.00000E+00, 0.00000E+00, 0.00000E+00
534, 1.30852E+01, 3.89523E+01, 3.02351E+02, 0.00000E+00, 0.00000E+00, 0.00000E+00
535, 7.97608E+01, -4.17273E+01, -7.96192E+01, 0.00000E+00, 0.00000E+00, 0.00000E+00
536, 1.01856E+02, -5.18108E+01, -8.02135E+01, 0.00000E+00, 0.00000E+00, 0.00000E+00
537, 1.21084E+02, -6.61785E+00, -5.47435E+01, 0.00000E+00, 0.00000E+00, 0.00000E+00
538, 9.75219E+01, 1.80991E+00, -5.34432E+01, 0.00000E+00, 0.00000E+00, 0.00000E+00
539, 1.08438E+01, 3.18820E+01, 3.02443E+02, 0.00000E+00, 0.00000E+00, 0.00000E+00
540, 3.54953E+01, 2.96727E+01, 3.01080E+02, 0.00000E+00, 0.00000E+00, 0.00000E+00
541, 2.21457E+02, -1.66024E+02, -1.50000E+02, 0.00000E+00, 0.00000E+00, 0.00000E+00
542, 2.46168E+02, -1.78446E+02, -1.50000E+02, 0.00000E+00, 0.00000E+00, 0.00000E+00
543, 2.84083E+02, -9.18941E+01, -1.33334E+02, 0.00000E+00, 0.00000E+00, 0.00000E+00
544, 2.60215E+02, -7.99165E+01, -1.33334E+02, 0.00000E+00, 0.00000E+00, 0.00000E+00
545, 4.92053E+01, 6.16137E+01, 3.25601E+02, 0.00000E+00, 0.00000E+00, 0.00000E+00
546, 2.27218E+01, 6.52661E+01, 3.26703E+02, 0.00000E+00, 0.00000E+00, 0.00000E+00
547, 2.03863E+01, 5.84053E+01, 3.26798E+02, 0.00000E+00, 0.00000E+00, 0.00000E+00
548, 1.77173E+02, -7.42478E+00, 1.95335E+02, 0.00000E+00, 0.00000E+00, 0.00000E+00
549, 1.97180E+02, -2.36595E+01, 1.95793E+02, 0.00000E+00, 0.00000E+00, 0.00000E+00
550, 1.80507E+01, 5.15445E+01, 3.26892E+02, 0.00000E+00, 0.00000E+00, 0.00000E+00
551, 2.24661E+02, 8.88135E+00, 2.19805E+02, 0.00000E+00, 0.00000E+00, 0.00000E+00
552, 2.01174E+02, 2.57284E+01, 2.19217E+02, 0.00000E+00, 0.00000E+00, 0.00000E+00
553, 1.57152E+01, 4.46836E+01, 3.26987E+02, 0.00000E+00, 0.00000E+00, 0.00000E+00
554, 8.70569E+01, -3.01404E+01, -5.76059E+01, 0.00000E+00, 0.00000E+00, 0.00000E+00
555, 1.09435E+02, -3.91869E+01, -5.87429E+01, 0.00000E+00, 0.00000E+00, 0.00000E+00
556, 1.25674E+02, 4.31860E+00, -3.16462E+01, 0.00000E+00, 0.00000E+00, 0.00000E+00
557, 1.01201E+02, 1.14841E+01, -2.99157E+01, 0.00000E+00, 0.00000E+00, 0.00000E+00
558, 1.33797E+01, 3.78228E+01, 3.27081E+02, 0.00000E+00, 0.00000E+00, 0.00000E+00
559, 3.77978E+01, 3.39504E+01, 3.25913E+02, 0.00000E+00, 0.00000E+00, 0.00000E+00
560, 2.22845E+02, -1.54494E+02, -1.33333E+02, 0.00000E+00, 0.00000E+00, 0.00000E+00
561, 2.46690E+02, -1.66460E+02, -1.33332E+02, 0.00000E+00, 0.00000E+00, 0.00000E+00
562, 5.19426E+01, 6.52064E+01, 3.50396E+02, 0.00000E+00, 0.00000E+00, 0.00000E+00
563, 2.58252E+01, 7.07029E+01, 3.51238E+02, 0.00000E+00, 0.00000E+00, 0.00000E+00
564, 2.74852E+02, -9.93026E+01, -1.16668E+02, 0.00000E+00, 0.00000E+00, 0.00000E+00
565, 2.51863E+02, -8.77861E+01, -1.16668E+02, 0.00000E+00, 0.00000E+00, 0.00000E+00
566, 2.34507E+01, 6.40833E+01, 3.51317E+02, 0.00000E+00, 0.00000E+00, 0.00000E+00
567, 1.76344E+02, -8.65984E+00, 2.21224E+02, 0.00000E+00, 0.00000E+00, 0.00000E+00
568, 1.95851E+02, -2.50959E+01, 2.21654E+02, 0.00000E+00, 0.00000E+00, 0.00000E+00
569, 2.10762E+01, 5.74637E+01, 3.51397E+02, 0.00000E+00, 0.00000E+00, 0.00000E+00
570, 2.23956E+02, 5.46903E+00, 2.46131E+02, 0.00000E+00, 0.00000E+00, 0.00000E+00
571, 2.01319E+02, 2.26320E+01, 2.45636E+02, 0.00000E+00, 0.00000E+00, 0.00000E+00
572, 1.87017E+01, 5.08441E+01, 3.51477E+02, 0.00000E+00, 0.00000E+00, 0.00000E+00
573, 9.25680E+01, -1.96593E+01, -3.41266E+01, 0.00000E+00, 0.00000E+00, 0.00000E+00
574, 1.15467E+02, -2.76012E+01, -3.57132E+01, 0.00000E+00, 0.00000E+00, 0.00000E+00
575, 1.29624E+02, 1.45046E+01, -8.12476E+00, 0.00000E+00, 0.00000E+00, 0.00000E+00
576, 1.04211E+02, 2.04071E+01, -6.10171E+00, 0.00000E+00, 0.00000E+00, 0.00000E+00
577, 1.63272E+01, 4.42245E+01, 3.51557E+02, 0.00000E+00, 0.00000E+00, 0.00000E+00
578, 4.03636E+01, 3.86151E+01, 3.50628E+02, 0.00000E+00, 0.00000E+00, 0.00000E+00
579, 2.24233E+02, -1.42963E+02, -1.16666E+02, 0.00000E+00, 0.00000E+00, 0.00000E+00
580, 2.47212E+02, -1.54474E+02, -1.16666E+02, 0.00000E+00, 0.00000E+00, 0.00000E+00
581, 5.46821E+01, 6.90681E+01, 3.75155E+02, 0.00000E+00, 0.00000E+00, 0.00000E+00
582, 2.91173E+01, 7.64704E+01, 3.75671E+02, 0.00000E+00, 0.00000E+00, 0.00000E+00
583, 2.65623E+02, -1.06709E+02, -1.00000E+02, 0.00000E+00, 0.00000E+00, 0.00000E+00
584, 2.43511E+02, -9.56537E+01, -1.00000E+02, 0.00000E+00, 0.00000E+00, 0.00000E+00
585, 2.67594E+01, 7.01157E+01, 3.75720E+02, 0.00000E+00, 0.00000E+00, 0.00000E+00
586, 1.75362E+02, -1.05693E+01, 2.46971E+02, 0.00000E+00, 0.00000E+00, 0.00000E+00
587, 1.94312E+02, -2.72058E+01, 2.47363E+02, 0.00000E+00, 0.00000E+00, 0.00000E+00
588, 2.44016E+01, 6.37609E+01, 3.75768E+02, 0.00000E+00, 0.00000E+00, 0.00000E+00
589, 2.22832E+02, 1.23839E+00, 2.72287E+02, 0.00000E+00, 0.00000E+00, 0.00000E+00
590, 2.01010E+02, 1.87792E+01, 2.71851E+02, 0.00000E+00, 0.00000E+00, 0.00000E+00
591, 2.20438E+01, 5.74062E+01, 3.75817E+02, 0.00000E+00, 0.00000E+00, 0.00000E+00
592, 9.64390E+01, -1.06946E+01, -9.56669E+00, 0.00000E+00, 0.00000E+00, 0.00000E+00
593, 1.20001E+02, -1.74767E+01, -1.14009E+01, 0.00000E+00, 0.00000E+00, 0.00000E+00
594, 1.32864E+02, 2.34917E+01, 1.58772E+01, 0.00000E+00, 0.00000E+00, 0.00000E+00
595, 1.06587E+02, 2.81986E+01, 1.80979E+01, 0.00000E+00, 0.00000E+00, 0.00000E+00
596, 1.96859E+01, 5.10514E+01, 3.75865E+02, 0.00000E+00, 0.00000E+00, 0.00000E+00
597, 4.31590E+01, 4.37192E+01, 3.75264E+02, 0.00000E+00, 0.00000E+00, 0.00000E+00
598, 2.25623E+02, -1.31431E+02, -1.00000E+02, 0.00000E+00, 0.00000E+00, 0.00000E+00
599, 2.47734E+02, -1.42487E+02, -1.00000E+02, 0.00000E+00, 0.00000E+00, 0.00000E+00
600, 5.73666E+01, 7.33185E+01, 4.00000E+02, 0.00000E+00, 0.00000E+00, 0.00000E+00
601, 3.25960E+01, 8.25649E+01, 4.00000E+02, 0.00000E+00, 0.00000E+00, 0.00000E+00
602, 2.69798E+02, -9.97806E+01, -7.57902E+01, 0.00000E+00, 0.00000E+00, 0.00000E+00
603, 3.03094E+01, 7.64908E+01, 4.00000E+02, 0.00000E+00, 0.00000E+00, 0.00000E+00
604, 5.46091E+01, 6.73132E+01, 4.00000E+02, 0.00000E+00, 0.00000E+00, 0.00000E+00
605, 1.92646E+02, -2.98693E+01, 2.72919E+02, 0.00000E+00, 0.00000E+00, 0.00000E+00
606, 2.80227E+01, 7.04167E+01, 4.00000E+02, 0.00000E+00, 0.00000E+00, 0.00000E+00
607, 2.21195E+02, -3.51274E+00, 2.98293E+02, 0.00000E+00, 0.00000E+00, 0.00000E+00
608, 5.18516E+01, 6.13080E+01, 4.00000E+02, 0.00000E+00, 0.00000E+00, 0.00000E+00
609, 2.57361E+01, 6.43427E+01, 4.00000E+02, 0.00000E+00, 0.00000E+00, 0.00000E+00
610, 1.23159E+02, -9.09168E+00, 1.38747E+01, 0.00000E+00, 0.00000E+00, 0.00000E+00
611, 1.35608E+02, 3.10678E+01, 4.03799E+01, 0.00000E+00, 0.00000E+00, 0.00000E+00
612, 4.90940E+01, 5.53027E+01, 4.00000E+02, 0.00000E+00, 0.00000E+00, 0.00000E+00
613, 2.34494E+01, 5.82686E+01, 4.00000E+02, 0.00000E+00, 0.00000E+00, 0.00000E+00
614, 4.63365E+01, 4.92974E+01, 4.00000E+02, 0.00000E+00, 0.00000E+00, 0.00000E+00
615, 4.58537E+01, 3.99065E+01, -2.00000E+02, 0.00000E+00, 0.00000E+00, 0.00000E+00
616, 4.58537E+01, 3.99065E+01, -1.75000E+02, 0.00000E+00, 0.00000E+00, 0.00000E+00
617, 3.40501E+01, 1.64249E+01, -2.00000E+02, 0.00000E+00, 0.00000E+00, 0.00000E+00
618, 2.74053E+02, -9.33052E+01, -5.15518E+01, 0.00000E+00, 0.00000E+00, 0.00000E+00
619, 2.52208E+02, -1.31176E+02, -7.78063E+01, 0.00000E+00, 0.00000E+00, 0.00000E+00
620, 1.90940E+02, -3.29965E+01, 2.98405E+02, 0.00000E+00, 0.00000E+00, 0.00000E+00
621, 2.22466E+01, -7.05682E+00, -2.00000E+02, 0.00000E+00, 0.00000E+00, 0.00000E+00
622, 2.19101E+02, -8.57961E+00, 3.24062E+02, 0.00000E+00, 0.00000E+00, 0.00000E+00
623, 1.04430E+01, -3.05385E+01, -2.00000E+02, 0.00000E+00, 0.00000E+00, 0.00000E+00
624, 1.25400E+02, -2.38745E+00, 3.96731E+01, 0.00000E+00, 0.00000E+00, 0.00000E+00
625, 1.37919E+02, 3.72551E+01, 6.53218E+01, 0.00000E+00, 0.00000E+00, 0.00000E+00
626, -1.36055E+00, -5.40202E+01, -2.00000E+02, 0.00000E+00, 0.00000E+00, 0.00000E+00
627, -1.15400E+00, -5.41240E+01, -1.75000E+02, 0.00000E+00, 0.00000E+00, 0.00000E+00
628, 2.56069E+02, -1.22214E+02, -5.42750E+01, 0.00000E+00, 0.00000E+00, 0.00000E+00
629, 4.58537E+01, 3.99065E+01, -1.50000E+02, 0.00000E+00, 0.00000E+00, 0.00000E+00
630, 2.78405E+02, -8.78531E+01, -2.72286E+01, 0.00000E+00, 0.00000E+00, 0.00000E+00
631, 1.89270E+02, -3.64747E+01, 3.23784E+02, 0.00000E+00, 0.00000E+00, 0.00000E+00
632, 2.16645E+02, -1.38271E+01, 3.49622E+02, 0.00000E+00, 0.00000E+00, 0.00000E+00
633, 1.26892E+02, 2.90164E+00, 6.56711E+01, 0.00000E+00, 0.00000E+00, 0.00000E+00
634, 1.40038E+02, 4.20700E+01, 9.05599E+01, 0.00000E+00, 0.00000E+00, 0.00000E+00
635, -9.47460E-01, -5.42278E+01, -1.50000E+02, 0.00000E+00, 0.00000E+00, 0.00000E+00
636, 2.59231E+02, -1.15725E+02, -2.97423E+01, 0.00000E+00, 0.00000E+00, 0.00000E+00
637, 4.54057E+01, 2.78881E+01, -1.33332E+02, 0.00000E+00, 0.00000E+00, 0.00000E+00
638, 2.82504E+02, -8.36932E+01, -2.66453E+00, 0.00000E+00, 0.00000E+00, 0.00000E+00
639, 1.87677E+02, -4.01931E+01, 3.49177E+02, 0.00000E+00, 0.00000E+00, 0.00000E+00
640, 2.13965E+02, -1.91731E+01, 3.74973E+02, 0.00000E+00, 0.00000E+00, 0.00000E+00
641, 1.28031E+02, 6.89651E+00, 9.17869E+01, 0.00000E+00, 0.00000E+00, 0.00000E+00
642, 1.42041E+02, 4.55989E+01, 1.16062E+02, 0.00000E+00, 0.00000E+00, 0.00000E+00
643, 8.24213E+00, -4.67938E+01, -1.33334E+02, 0.00000E+00, 0.00000E+00, 0.00000E+00
644, 2.61496E+02, -1.11427E+02, -4.61897E+00, 0.00000E+00, 0.00000E+00, 0.00000E+00
645, 4.49572E+01, 1.58686E+01, -1.16666E+02, 0.00000E+00, 0.00000E+00, 0.00000E+00
646, 2.85991E+02, -8.09090E+01, 2.21730E+01, 0.00000E+00, 0.00000E+00, 0.00000E+00
647, 1.86257E+02, -4.40852E+01, 3.74593E+02, 0.00000E+00, 0.00000E+00, 0.00000E+00
648, 2.11121E+02, -2.44181E+01, 4.00000E+02, 0.00000E+00, 0.00000E+00, 0.00000E+00
649, 2.04615E+02, -3.03319E+01, 4.00000E+02, 0.00000E+00, 0.00000E+00, 0.00000E+00
650, 1.28945E+02, 9.76705E+00, 1.17885E+02, 0.00000E+00, 0.00000E+00, 0.00000E+00
651, 1.44005E+02, 4.79194E+01, 1.41781E+02, 0.00000E+00, 0.00000E+00, 0.00000E+00
652, 1.98109E+02, -3.62458E+01, 4.00000E+02, 0.00000E+00, 0.00000E+00, 0.00000E+00
653, 1.74312E+01, -3.93607E+01, -1.16667E+02, 0.00000E+00, 0.00000E+00, 0.00000E+00
654, 2.62766E+02, -1.08695E+02, 2.08288E+01, 0.00000E+00, 0.00000E+00, 0.00000E+00
655, 4.45081E+01, 3.84789E+00, -1.00000E+02, 0.00000E+00, 0.00000E+00, 0.00000E+00
656, 2.88728E+02, -7.94349E+01, 4.71759E+01, 0.00000E+00, 0.00000E+00, 0.00000E+00
657, 1.91603E+02, -4.21596E+01, 4.00000E+02, 0.00000E+00, 0.00000E+00, 0.00000E+00
658, 1.85097E+02, -4.80734E+01, 4.00000E+02, 0.00000E+00, 0.00000E+00, 0.00000E+00
659, 2.19076E+02, -4.71671E+01, -2.00000E+02, 0.00000E+00, 0.00000E+00, 0.00000E+00
660, 2.19076E+02, -4.71671E+01, -1.75000E+02, 0.00000E+00, 0.00000E+00, 0.00000E+00
661, 2.07272E+02, -7.06488E+01, -2.00000E+02, 0.00000E+00, 0.00000E+00, 0.00000E+00
662, 1.29515E+02, 1.16730E+01, 1.43874E+02, 0.00000E+00, 0.00000E+00, 0.00000E+00
663, 1.95469E+02, -9.41305E+01, -2.00000E+02, 0.00000E+00, 0.00000E+00, 0.00000E+00
664, 1.45845E+02, 4.91326E+01, 1.67690E+02, 0.00000E+00, 0.00000E+00, 0.00000E+00
665, 1.83665E+02, -1.17612E+02, -2.00000E+02, 0.00000E+00, 0.00000E+00, 0.00000E+00
666, 2.66196E+01, -3.19292E+01, -1.00000E+02, 0.00000E+00, 0.00000E+00, 0.00000E+00
667, 2.63357E+02, -1.07081E+02, 4.63254E+01, 0.00000E+00, 0.00000E+00, 0.00000E+00
668, 4.70071E+01, 9.29474E+00, -7.51030E+01, 0.00000E+00, 0.00000E+00, 0.00000E+00
669, 2.90653E+02, -7.90016E+01, 7.23212E+01, 0.00000E+00, 0.00000E+00, 0.00000E+00
670, 1.71862E+02, -1.41094E+02, -2.00000E+02, 0.00000E+00, 0.00000E+00, 0.00000E+00
671, 1.71948E+02, -1.41137E+02, -1.75000E+02, 0.00000E+00, 0.00000E+00, 0.00000E+00
672, 2.19076E+02, -4.71671E+01, -1.50000E+02, 0.00000E+00, 0.00000E+00, 0.00000E+00
673, 1.29927E+02, 1.27179E+01, 1.69736E+02, 0.00000E+00, 0.00000E+00, 0.00000E+00
674, 1.47642E+02, 4.93106E+01, 1.93639E+02, 0.00000E+00, 0.00000E+00, 0.00000E+00
675, 3.50916E+01, -2.27523E+01, -7.77961E+01, 0.00000E+00, 0.00000E+00, 0.00000E+00
676, 2.63243E+02, -1.06123E+02, 7.19069E+01, 0.00000E+00, 0.00000E+00, 0.00000E+00
677, 4.93256E+01, 1.48681E+01, -5.04683E+01, 0.00000E+00, 0.00000E+00, 0.00000E+00
678, 2.91798E+02, -7.94636E+01, 9.75683E+01, 0.00000E+00, 0.00000E+00, 0.00000E+00
679, 1.72034E+02, -1.41180E+02, -1.50000E+02, 0.00000E+00, 0.00000E+00, 0.00000E+00
680, 2.12479E+02, -5.59613E+01, -1.33335E+02, 0.00000E+00, 0.00000E+00, 0.00000E+00
681, 1.30237E+02, 1.30276E+01, 1.95516E+02, 0.00000E+00, 0.00000E+00, 0.00000E+00
682, 1.49328E+02, 4.85599E+01, 2.19687E+02, 0.00000E+00, 0.00000E+00, 0.00000E+00
683, 4.13132E+01, -1.47113E+01, -5.43723E+01, 0.00000E+00, 0.00000E+00, 0.00000E+00
684, 2.62516E+02, -1.05674E+02, 9.74086E+01, 0.00000E+00, 0.00000E+00, 0.00000E+00
685, 5.10960E+01, 2.03242E+01, -2.59920E+01, 0.00000E+00, 0.00000E+00, 0.00000E+00
686, 2.92039E+02, -8.02323E+01, 1.23304E+02, 0.00000E+00, 0.00000E+00, 0.00000E+00
687, 1.75156E+02, -1.30559E+02, -1.33334E+02, 0.00000E+00, 0.00000E+00, 0.00000E+00
688, 2.05884E+02, -6.47511E+01, -1.16667E+02, 0.00000E+00, 0.00000E+00, 0.00000E+00
689, 1.30461E+02, 1.27316E+01, 2.21229E+02, 0.00000E+00, 0.00000E+00, 0.00000E+00
690, 1.50844E+02, 4.69938E+01, 2.45743E+02, 0.00000E+00, 0.00000E+00, 0.00000E+00
691, 4.55019E+01, -8.00687E+00, -2.99816E+01, 0.00000E+00, 0.00000E+00, 0.00000E+00
692, 2.61271E+02, -1.05663E+02, 1.22884E+02, 0.00000E+00, 0.00000E+00, 0.00000E+00
693, 5.23975E+01, 2.53505E+01, -1.49377E+00, 0.00000E+00, 0.00000E+00, 0.00000E+00
694, 2.91503E+02, -8.13321E+01, 1.48945E+02, 0.00000E+00, 0.00000E+00, 0.00000E+00
695, 1.78277E+02, -1.19941E+02, -1.16665E+02, 0.00000E+00, 0.00000E+00, 0.00000E+00
696, 1.99288E+02, -7.35422E+01, -1.00000E+02, 0.00000E+00, 0.00000E+00, 0.00000E+00
697, 1.30677E+02, 1.19424E+01, 2.46877E+02, 0.00000E+00, 0.00000E+00, 0.00000E+00
698, 1.52092E+02, 4.47608E+01, 2.71720E+02, 0.00000E+00, 0.00000E+00, 0.00000E+00
699, 4.81725E+01, -2.71411E+00, -5.00585E+00, 0.00000E+00, 0.00000E+00, 0.00000E+00
700, 2.59603E+02, -1.06121E+02, 1.48349E+02, 0.00000E+00, 0.00000E+00, 0.00000E+00
701, 5.35122E+01, 2.97568E+01, 2.31030E+01, 0.00000E+00, 0.00000E+00, 0.00000E+00
702, 2.90392E+02, -8.30784E+01, 1.74444E+02, 0.00000E+00, 0.00000E+00, 0.00000E+00
703, 1.81400E+02, -1.09319E+02, -1.00000E+02, 0.00000E+00, 0.00000E+00, 0.00000E+00
704, 2.05642E+02, -6.20238E+01, -7.78001E+01, 0.00000E+00, 0.00000E+00, 0.00000E+00
705, 1.30888E+02, 1.07947E+01, 2.72422E+02, 0.00000E+00, 0.00000E+00, 0.00000E+00
706, 1.53060E+02, 4.20014E+01, 2.97661E+02, 0.00000E+00, 0.00000E+00, 0.00000E+00
707, 4.96030E+01, 1.38319E+00, 2.03995E+01, 0.00000E+00, 0.00000E+00, 0.00000E+00
708, 2.57457E+02, -1.06824E+02, 1.73737E+02, 0.00000E+00, 0.00000E+00, 0.00000E+00
709, 5.45288E+01, 3.35983E+01, 4.79314E+01, 0.00000E+00, 0.00000E+00, 0.00000E+00
710, 2.88725E+02, -8.53187E+01, 1.99856E+02, 0.00000E+00, 0.00000E+00, 0.00000E+00
711, 1.88780E+02, -9.55503E+01, -8.00141E+01, 0.00000E+00, 0.00000E+00, 0.00000E+00
712, 2.12120E+02, -5.07991E+01, -5.51946E+01, 0.00000E+00, 0.00000E+00, 0.00000E+00
713, 1.31124E+02, 9.41543E+00, 2.97897E+02, 0.00000E+00, 0.00000E+00, 0.00000E+00
714, 1.53590E+02, 3.89396E+01, 3.23513E+02, 0.00000E+00, 0.00000E+00, 0.00000E+00
715, 5.05923E+01, 4.65915E+00, 4.59338E+01, 0.00000E+00, 0.00000E+00, 0.00000E+00
716, 2.54996E+02, -1.07960E+02, 1.99120E+02, 0.00000E+00, 0.00000E+00, 0.00000E+00
717, 5.56397E+01, 3.69636E+01, 7.28472E+01, 0.00000E+00, 0.00000E+00, 0.00000E+00
718, 2.86554E+02, -8.80305E+01, 2.25209E+02, 0.00000E+00, 0.00000E+00, 0.00000E+00
719, 1.95440E+02, -8.29257E+01, -5.83151E+01, 0.00000E+00, 0.00000E+00, 0.00000E+00
720, 2.18458E+02, -4.02008E+01, -3.21390E+01, 0.00000E+00, 0.00000E+00, 0.00000E+00
721, 1.31411E+02, 7.94043E+00, 3.23303E+02, 0.00000E+00, 0.00000E+00, 0.00000E+00
722, 1.53619E+02, 3.58263E+01, 3.49155E+02, 0.00000E+00, 0.00000E+00, 0.00000E+00
723, 5.12371E+01, 7.40681E+00, 7.15617E+01, 0.00000E+00, 0.00000E+00, 0.00000E+00
724, 2.52317E+02, -1.09598E+02, 2.24434E+02, 0.00000E+00, 0.00000E+00, 0.00000E+00
725, 5.69904E+01, 3.99686E+01, 9.79055E+01, 0.00000E+00, 0.00000E+00, 0.00000E+00
726, 2.83921E+02, -9.11728E+01, 2.50493E+02, 0.00000E+00, 0.00000E+00, 0.00000E+00
727, 2.01316E+02, -7.18848E+01, -3.50608E+01, 0.00000E+00, 0.00000E+00, 0.00000E+00
728, 2.24503E+02, -3.06156E+01, -8.50270E+00, 0.00000E+00, 0.00000E+00, 0.00000E+00
729, 1.31778E+02, 6.50148E+00, 3.48789E+02, 0.00000E+00, 0.00000E+00, 0.00000E+00
730, 1.53586E+02, 3.26301E+01, 3.74666E+02, 0.00000E+00, 0.00000E+00, 0.00000E+00
731, 5.18351E+01, 9.80424E+00, 9.70608E+01, 0.00000E+00, 0.00000E+00, 0.00000E+00
732, 2.49436E+02, -1.11672E+02, 2.49669E+02, 0.00000E+00, 0.00000E+00, 0.00000E+00
733, 5.86168E+01, 4.26905E+01, 1.23040E+02, 0.00000E+00, 0.00000E+00, 0.00000E+00
734, 2.80855E+02, -9.46385E+01, 2.75676E+02, 0.00000E+00, 0.00000E+00, 0.00000E+00
735, 2.06327E+02, -6.27985E+01, -1.05751E+01, 0.00000E+00, 0.00000E+00, 0.00000E+00
736, 2.30179E+02, -2.26261E+01, 1.57425E+01, 0.00000E+00, 0.00000E+00, 0.00000E+00
737, 1.32351E+02, 5.18009E+00, 3.74385E+02, 0.00000E+00, 0.00000E+00, 0.00000E+00
738, 1.53363E+02, 2.96022E+01, 4.00000E+02, 0.00000E+00, 0.00000E+00, 0.00000E+00
739, 1.48352E+02, 2.32003E+01, 4.00000E+02, 0.00000E+00, 0.00000E+00, 0.00000E+00
740, 5.23740E+01, 1.19901E+01, 1.22515E+02, 0.00000E+00, 0.00000E+00, 0.00000E+00
741, 2.46410E+02, -1.14186E+02, 2.74822E+02, 0.00000E+00, 0.00000E+00, 0.00000E+00
742, 6.02865E+01, 4.51450E+01, 1.48223E+02, 0.00000E+00, 0.00000E+00, 0.00000E+00
743, 2.77411E+02, -9.84951E+01, 3.00820E+02, 0.00000E+00, 0.00000E+00, 0.00000E+00
744, 1.43342E+02, 1.67984E+01, 4.00000E+02, 0.00000E+00, 0.00000E+00, 0.00000E+00
745, 2.10220E+02, -5.56857E+01, 1.47777E+01, 0.00000E+00, 0.00000E+00, 0.00000E+00
746, 2.35205E+02, -1.63468E+01, 4.05767E+01, 0.00000E+00, 0.00000E+00, 0.00000E+00
747, 1.38331E+02, 1.03965E+01, 4.00000E+02, 0.00000E+00, 0.00000E+00, 0.00000E+00
748, 1.33321E+02, 3.99464E+00, 4.00000E+02, 0.00000E+00, 0.00000E+00, 0.00000E+00
749, 1.44838E+02, -9.84983E+00, -2.00000E+02, 0.00000E+00, 0.00000E+00, 0.00000E+00
750, 1.44838E+02, -9.84984E+00, -1.75000E+02, 0.00000E+00, 0.00000E+00, 0.00000E+00
751, 1.33034E+02, -3.33315E+01, -2.00000E+02, 0.00000E+00, 0.00000E+00, 0.00000E+00
752, 5.28468E+01, 1.40403E+01, 1.47934E+02, 0.00000E+00, 0.00000E+00, 0.00000E+00
753, 2.43332E+02, -1.17265E+02, 2.99988E+02, 0.00000E+00, 0.00000E+00, 0.00000E+00
754, 6.21374E+01, 4.74013E+01, 1.73523E+02, 0.00000E+00, 0.00000E+00, 0.00000E+00
755, 2.73643E+02, -1.02671E+02, 3.25815E+02, 0.00000E+00, 0.00000E+00, 0.00000E+00
756, 1.21231E+02, -5.68132E+01, -2.00000E+02, 0.00000E+00, 0.00000E+00, 0.00000E+00
757, 1.09427E+02, -8.02949E+01, -2.00000E+02, 0.00000E+00, 0.00000E+00, 0.00000E+00
758, 2.13128E+02, -5.03143E+01, 4.06239E+01, 0.00000E+00, 0.00000E+00, 0.00000E+00
759, 2.39529E+02, -1.17928E+01, 6.58864E+01, 0.00000E+00, 0.00000E+00, 0.00000E+00
760, 9.76235E+01, -1.03777E+02, -2.00000E+02, 0.00000E+00, 0.00000E+00, 0.00000E+00
761, 9.77612E+01, -1.03846E+02, -1.75000E+02, 0.00000E+00, 0.00000E+00, 0.00000E+00
762, 1.44838E+02, -9.84983E+00, -1.50000E+02, 0.00000E+00, 0.00000E+00, 0.00000E+00
763, 5.34858E+01, 1.60416E+01, 1.73416E+02, 0.00000E+00, 0.00000E+00, 0.00000E+00
764, 2.40253E+02, -1.20873E+02, 3.25035E+02, 0.00000E+00, 0.00000E+00, 0.00000E+00
765, 6.42522E+01, 4.94921E+01, 1.98779E+02, 0.00000E+00, 0.00000E+00, 0.00000E+00
766, 2.69582E+02, -1.07112E+02, 3.50686E+02, 0.00000E+00, 0.00000E+00, 0.00000E+00
767, 2.15134E+02, -4.63832E+01, 6.66312E+01, 0.00000E+00, 0.00000E+00, 0.00000E+00
768, 2.43069E+02, -8.89152E+00, 9.14856E+01, 0.00000E+00, 0.00000E+00, 0.00000E+00
769, 9.78989E+01, -1.03915E+02, -1.50000E+02, 0.00000E+00, 0.00000E+00, 0.00000E+00
770, 1.40875E+02, -2.00271E+01, -1.33335E+02, 0.00000E+00, 0.00000E+00, 0.00000E+00
771, 5.44704E+01, 1.80621E+01, 1.98901E+02, 0.00000E+00, 0.00000E+00, 0.00000E+00
772, 2.37200E+02, -1.25013E+02, 3.50059E+02, 0.00000E+00, 0.00000E+00, 0.00000E+00
773, 6.64395E+01, 5.14216E+01, 2.23991E+02, 0.00000E+00, 0.00000E+00, 0.00000E+00
774, 2.65299E+02, -1.11864E+02, 3.75424E+02, 0.00000E+00, 0.00000E+00, 0.00000E+00
775, 2.16309E+02, -4.37114E+01, 9.26930E+01, 0.00000E+00, 0.00000E+00, 0.00000E+00
776, 2.45501E+02, -7.26847E+00, 1.17094E+02, 0.00000E+00, 0.00000E+00, 0.00000E+00
777, 1.03622E+02, -9.46583E+01, -1.33335E+02, 0.00000E+00, 0.00000E+00, 0.00000E+00
778, 1.36916E+02, -3.01983E+01, -1.16665E+02, 0.00000E+00, 0.00000E+00, 0.00000E+00
779, 5.56021E+01, 2.01070E+01, 2.24222E+02, 0.00000E+00, 0.00000E+00, 0.00000E+00
780, 2.34201E+02, -1.29637E+02, 3.75030E+02, 0.00000E+00, 0.00000E+00, 0.00000E+00
781, 6.87281E+01, 5.32256E+01, 2.49179E+02, 0.00000E+00, 0.00000E+00, 0.00000E+00
782, 2.60835E+02, -1.16849E+02, 4.00000E+02, 0.00000E+00, 0.00000E+00, 0.00000E+00
783, 2.53440E+02, -1.21308E+02, 4.00000E+02, 0.00000E+00, 0.00000E+00, 0.00000E+00
784, 2.16725E+02, -4.20973E+01, 1.18747E+02, 0.00000E+00, 0.00000E+00, 0.00000E+00
785, 2.46577E+02, -6.46446E+00, 1.42662E+02, 0.00000E+00, 0.00000E+00, 0.00000E+00
786, 2.46046E+02, -1.25767E+02, 4.00000E+02, 0.00000E+00, 0.00000E+00, 0.00000E+00
787, 1.09343E+02, -8.54072E+01, -1.16666E+02, 0.00000E+00, 0.00000E+00, 0.00000E+00
788, 1.32954E+02, -4.03750E+01, -1.00000E+02, 0.00000E+00, 0.00000E+00, 0.00000E+00
789, 2.38651E+02, -1.30226E+02, 4.00000E+02, 0.00000E+00, 0.00000E+00, 0.00000E+00
790, 5.68442E+01, 2.22348E+01, 2.49493E+02, 0.00000E+00, 0.00000E+00, 0.00000E+00
791, 2.31257E+02, -1.34685E+02, 4.00000E+02, 0.00000E+00, 0.00000E+00, 0.00000E+00
792, 7.10392E+01, 5.49334E+01, 2.74317E+02, 0.00000E+00, 0.00000E+00, 0.00000E+00
793, 3.06256E+02, -1.20405E+02, -2.00000E+02, 0.00000E+00, 0.00000E+00, 0.00000E+00
794, 3.18060E+02, -9.69235E+01, -2.00000E+02, 0.00000E+00, 0.00000E+00, 0.00000E+00
795, 3.18060E+02, -9.69235E+01, -1.75000E+02, 0.00000E+00, 0.00000E+00, 0.00000E+00
796, 2.16552E+02, -4.15267E+01, 1.44755E+02, 0.00000E+00, 0.00000E+00, 0.00000E+00
797, 2.94453E+02, -1.43887E+02, -2.00000E+02, 0.00000E+00, 0.00000E+00, 0.00000E+00
798, 2.46939E+02, -6.89265E+00, 1.68600E+02, 0.00000E+00, 0.00000E+00, 0.00000E+00
799, 2.82649E+02, -1.67369E+02, -2.00000E+02, 0.00000E+00, 0.00000E+00, 0.00000E+00
800, 1.15065E+02, -7.61521E+01, -1.00000E+02, 0.00000E+00, 0.00000E+00, 0.00000E+00
801, 1.38641E+02, -2.83091E+01, -7.79292E+01, 0.00000E+00, 0.00000E+00, 0.00000E+00
802, 2.70846E+02, -1.90850E+02, -2.00000E+02, 0.00000E+00, 0.00000E+00, 0.00000E+00
803, 2.70863E+02, -1.90859E+02, -1.75000E+02, 0.00000E+00, 0.00000E+00, 0.00000E+00
804, 5.82876E+01, 2.44965E+01, 2.74696E+02, 0.00000E+00, 0.00000E+00, 0.00000E+00
805, 7.34353E+01, 5.65942E+01, 2.99511E+02, 0.00000E+00, 0.00000E+00, 0.00000E+00
806, 3.18060E+02, -9.69235E+01, -1.50000E+02, 0.00000E+00, 0.00000E+00, 0.00000E+00
807, 2.15835E+02, -4.18434E+01, 1.70598E+02, 0.00000E+00, 0.00000E+00, 0.00000E+00
808, 2.46675E+02, -8.51787E+00, 1.94706E+02, 0.00000E+00, 0.00000E+00, 0.00000E+00
809, 1.23868E+02, -6.22379E+01, -8.05083E+01, 0.00000E+00, 0.00000E+00, 0.00000E+00
810, 1.44257E+02, -1.63268E+01, -5.54458E+01, 0.00000E+00, 0.00000E+00, 0.00000E+00
811, 5.99977E+01, 2.69381E+01, 2.99833E+02, 0.00000E+00, 0.00000E+00, 0.00000E+00
812, 2.70880E+02, -1.90868E+02, -1.50000E+02, 0.00000E+00, 0.00000E+00, 0.00000E+00
813, 7.57633E+01, 5.82539E+01, 3.24603E+02, 0.00000E+00, 0.00000E+00, 0.00000E+00
814, 3.07951E+02, -1.03871E+02, -1.33334E+02, 0.00000E+00, 0.00000E+00, 0.00000E+00
815, 2.14482E+02, -4.27340E+01, 1.96484E+02, 0.00000E+00, 0.00000E+00, 0.00000E+00
816, 2.45799E+02, -1.11899E+01, 2.20894E+02, 0.00000E+00, 0.00000E+00, 0.00000E+00
817, 1.31536E+02, -4.90077E+01, -5.93332E+01, 0.00000E+00, 0.00000E+00, 0.00000E+00
818, 1.49655E+02, -4.82839E+00, -3.25760E+01, 0.00000E+00, 0.00000E+00, 0.00000E+00
819, 6.19172E+01, 2.96100E+01, 3.24841E+02, 0.00000E+00, 0.00000E+00, 0.00000E+00
820, 2.70535E+02, -1.78427E+02, -1.33333E+02, 0.00000E+00, 0.00000E+00, 0.00000E+00
821, 7.80546E+01, 5.99909E+01, 3.49686E+02, 0.00000E+00, 0.00000E+00, 0.00000E+00
822, 2.97842E+02, -1.10819E+02, -1.16667E+02, 0.00000E+00, 0.00000E+00, 0.00000E+00
823, 2.12729E+02, -4.42630E+01, 2.22251E+02, 0.00000E+00, 0.00000E+00, 0.00000E+00
824, 2.44354E+02, -1.47397E+01, 2.47028E+02, 0.00000E+00, 0.00000E+00, 0.00000E+00
825, 1.37896E+02, -3.68766E+01, -3.66402E+01, 0.00000E+00, 0.00000E+00, 0.00000E+00
826, 1.54453E+02, 5.90687E+00, -9.23487E+00, 0.00000E+00, 0.00000E+00, 0.00000E+00
827, 6.40211E+01, 3.25901E+01, 3.49790E+02, 0.00000E+00, 0.00000E+00, 0.00000E+00
828, 2.70190E+02, -1.65985E+02, -1.16666E+02, 0.00000E+00, 0.00000E+00, 0.00000E+00
829, 8.02078E+01, 6.19218E+01, 3.74816E+02, 0.00000E+00, 0.00000E+00, 0.00000E+00
830, 2.87734E+02, -1.17765E+02, -1.00000E+02, 0.00000E+00, 0.00000E+00, 0.00000E+00
831, 2.10741E+02, -4.64258E+01, 2.47868E+02, 0.00000E+00, 0.00000E+00, 0.00000E+00
832, 2.42454E+02, -1.90613E+01, 2.72994E+02, 0.00000E+00, 0.00000E+00, 0.00000E+00
833, 1.42928E+02, -2.61809E+01, -1.25511E+01, 0.00000E+00, 0.00000E+00, 0.00000E+00
834, 1.58550E+02, 1.54225E+01, 1.46522E+01, 0.00000E+00, 0.00000E+00, 0.00000E+00
835, 6.62686E+01, 3.59915E+01, 3.74809E+02, 0.00000E+00, 0.00000E+00, 0.00000E+00
836, 2.69846E+02, -1.53542E+02, -1.00000E+02, 0.00000E+00, 0.00000E+00, 0.00000E+00
837, 8.21796E+01, 6.41850E+01, 4.00000E+02, 0.00000E+00, 0.00000E+00, 0.00000E+00
838, 2.90116E+02, -1.13678E+02, -7.51030E+01, 0.00000E+00, 0.00000E+00, 0.00000E+00
839, 7.88861E+01, 5.80865E+01, 4.00000E+02, 0.00000E+00, 0.00000E+00, 0.00000E+00
840, 2.08609E+02, -4.91384E+01, 2.73331E+02, 0.00000E+00, 0.00000E+00, 0.00000E+00
841, 2.40050E+02, -2.38847E+01, 2.98839E+02, 0.00000E+00, 0.00000E+00, 0.00000E+00
842, 7.55927E+01, 5.19881E+01, 4.00000E+02, 0.00000E+00, 0.00000E+00, 0.00000E+00
843, 1.46705E+02, -1.72436E+01, 1.26750E+01, 0.00000E+00, 0.00000E+00, 0.00000E+00
844, 1.62072E+02, 2.34485E+01, 3.91103E+01, 0.00000E+00, 0.00000E+00, 0.00000E+00
845, 7.22993E+01, 4.58897E+01, 4.00000E+02, 0.00000E+00, 0.00000E+00, 0.00000E+00
846, 2.73077E+02, -1.43499E+02, -7.70368E+01, 0.00000E+00, 0.00000E+00, 0.00000E+00
847, 6.90058E+01, 3.97913E+01, 4.00000E+02, 0.00000E+00, 0.00000E+00, 0.00000E+00
848, 7.05997E+01, 2.74674E+01, -2.00000E+02, 0.00000E+00, 0.00000E+00, 0.00000E+00
849, 7.05997E+01, 2.74674E+01, -1.75000E+02, 0.00000E+00, 0.00000E+00, 0.00000E+00
850, 5.87961E+01, 3.98576E+00, -2.00000E+02, 0.00000E+00, 0.00000E+00, 0.00000E+00
851, 2.92673E+02, -1.10122E+02, -5.03762E+01, 0.00000E+00, 0.00000E+00, 0.00000E+00
852, 2.06417E+02, -5.23494E+01, 2.98753E+02, 0.00000E+00, 0.00000E+00, 0.00000E+00
853, 4.69926E+01, -1.94959E+01, -2.00000E+02, 0.00000E+00, 0.00000E+00, 0.00000E+00
854, 2.37218E+02, -2.90377E+01, 3.24462E+02, 0.00000E+00, 0.00000E+00, 0.00000E+00
855, 3.51890E+01, -4.29776E+01, -2.00000E+02, 0.00000E+00, 0.00000E+00, 0.00000E+00
856, 1.49501E+02, -1.00794E+01, 3.85659E+01, 0.00000E+00, 0.00000E+00, 0.00000E+00
857, 1.64999E+02, 2.99845E+01, 6.40531E+01, 0.00000E+00, 0.00000E+00, 0.00000E+00
858, 2.33855E+01, -6.64593E+01, -2.00000E+02, 0.00000E+00, 0.00000E+00, 0.00000E+00
859, 2.75642E+02, -1.36162E+02, -5.28993E+01, 0.00000E+00, 0.00000E+00, 0.00000E+00
860, 2.35748E+01, -6.65545E+01, -1.75000E+02, 0.00000E+00, 0.00000E+00, 0.00000E+00
861, 7.05997E+01, 2.74674E+01, -1.50000E+02, 0.00000E+00, 0.00000E+00, 0.00000E+00
862, 2.95195E+02, -1.07355E+02, -2.55856E+01, 0.00000E+00, 0.00000E+00, 0.00000E+00
863, 2.04266E+02, -5.59972E+01, 3.24070E+02, 0.00000E+00, 0.00000E+00, 0.00000E+00
864, 2.34055E+02, -3.44134E+01, 3.49880E+02, 0.00000E+00, 0.00000E+00, 0.00000E+00
865, 1.51449E+02, -4.44599E+00, 6.47628E+01, 0.00000E+00, 0.00000E+00, 0.00000E+00
866, 1.67546E+02, 3.49831E+01, 8.93400E+01, 0.00000E+00, 0.00000E+00, 0.00000E+00
867, 2.37641E+01, -6.66496E+01, -1.50000E+02, 0.00000E+00, 0.00000E+00, 0.00000E+00
868, 2.77454E+02, -1.31431E+02, -2.80396E+01, 0.00000E+00, 0.00000E+00, 0.00000E+00
869, 6.92735E+01, 1.59101E+01, -1.33333E+02, 0.00000E+00, 0.00000E+00, 0.00000E+00
870, 2.97419E+02, -1.05551E+02, -6.81614E-01, 0.00000E+00, 0.00000E+00, 0.00000E+00
871, 2.02196E+02, -5.99877E+01, 3.49382E+02, 0.00000E+00, 0.00000E+00, 0.00000E+00
872, 2.30672E+02, -3.99266E+01, 3.75096E+02, 0.00000E+00, 0.00000E+00, 0.00000E+00
873, 1.52833E+02, -2.80242E-01, 9.10249E+01, 0.00000E+00, 0.00000E+00, 0.00000E+00
874, 1.69758E+02, 3.85088E+01, 1.14913E+02, 0.00000E+00, 0.00000E+00, 0.00000E+00
875, 3.20872E+01, -5.87598E+01, -1.33334E+02, 0.00000E+00, 0.00000E+00, 0.00000E+00
876, 2.78427E+02, -1.28790E+02, -2.79666E+00, 0.00000E+00, 0.00000E+00, 0.00000E+00
877, 6.79470E+01, 4.35200E+00, -1.16666E+02, 0.00000E+00, 0.00000E+00, 0.00000E+00
878, 2.99090E+02, -1.04661E+02, 2.43372E+01, 0.00000E+00, 0.00000E+00, 0.00000E+00
879, 2.00270E+02, -6.42373E+01, 3.74701E+02, 0.00000E+00, 0.00000E+00, 0.00000E+00
880, 2.27155E+02, -4.54314E+01, 4.00000E+02, 0.00000E+00, 0.00000E+00, 0.00000E+00
881, 2.20003E+02, -5.12349E+01, 4.00000E+02, 0.00000E+00, 0.00000E+00, 0.00000E+00
882, 1.53841E+02, 2.57259E+00, 1.17272E+02, 0.00000E+00, 0.00000E+00, 0.00000E+00
883, 1.71746E+02, 4.06026E+01, 1.40734E+02, 0.00000E+00, 0.00000E+00, 0.00000E+00
884, 2.12850E+02, -5.70385E+01, 4.00000E+02, 0.00000E+00, 0.00000E+00, 0.00000E+00
885, 4.04095E+01, -5.08714E+01, -1.16668E+02, 0.00000E+00, 0.00000E+00, 0.00000E+00
886, 2.78569E+02, -1.27480E+02, 2.26187E+01, 0.00000E+00, 0.00000E+00, 0.00000E+00
887, 6.66196E+01, -7.20784E+00, -1.00000E+02, 0.00000E+00, 0.00000E+00, 0.00000E+00
888, 3.00162E+02, -1.04609E+02, 4.93579E+01, 0.00000E+00, 0.00000E+00, 0.00000E+00
889, 2.05698E+02, -6.28421E+01, 4.00000E+02, 0.00000E+00, 0.00000E+00, 0.00000E+00
890, 1.98545E+02, -6.86457E+01, 4.00000E+02, 0.00000E+00, 0.00000E+00, 0.00000E+00
891, 2.43822E+02, -5.96062E+01, -2.00000E+02, 0.00000E+00, 0.00000E+00, 0.00000E+00
892, 2.43822E+02, -5.96062E+01, -1.75000E+02, 0.00000E+00, 0.00000E+00, 0.00000E+00
893, 2.32018E+02, -8.30879E+01, -2.00000E+02, 0.00000E+00, 0.00000E+00, 0.00000E+00
894, 1.54391E+02, 4.29815E+00, 1.43407E+02, 0.00000E+00, 0.00000E+00, 0.00000E+00
895, 2.20215E+02, -1.06570E+02, -2.00000E+02, 0.00000E+00, 0.00000E+00, 0.00000E+00
896, 1.73423E+02, 4.13978E+01, 1.66790E+02, 0.00000E+00, 0.00000E+00, 0.00000E+00
897, 2.08411E+02, -1.30051E+02, -2.00000E+02, 0.00000E+00, 0.00000E+00, 0.00000E+00
898, 4.87310E+01, -4.29849E+01, -1.00000E+02, 0.00000E+00, 0.00000E+00, 0.00000E+00
899, 2.78183E+02, -1.26981E+02, 4.80498E+01, 0.00000E+00, 0.00000E+00, 0.00000E+00
900, 7.01745E+01, 8.68659E-01, -7.59002E+01, 0.00000E+00, 0.00000E+00, 0.00000E+00
901, 3.00595E+02, -1.05082E+02, 7.44869E+01, 0.00000E+00, 0.00000E+00, 0.00000E+00
902, 1.96608E+02, -1.53533E+02, -2.00000E+02, 0.00000E+00, 0.00000E+00, 0.00000E+00
903, 1.96676E+02, -1.53568E+02, -1.75000E+02, 0.00000E+00, 0.00000E+00, 0.00000E+00
904, 2.43822E+02, -5.96062E+01, -1.50000E+02, 0.00000E+00, 0.00000E+00, 0.00000E+00
905, 1.54662E+02, 4.99347E+00, 1.69347E+02, 0.00000E+00, 0.00000E+00, 0.00000E+00
906, 1.74893E+02, 4.09533E+01, 1.92938E+02, 0.00000E+00, 0.00000E+00, 0.00000E+00
907, 5.75219E+01, -3.20247E+01, -7.87800E+01, 0.00000E+00, 0.00000E+00, 0.00000E+00
908, 2.77224E+02, -1.26865E+02, 7.34522E+01, 0.00000E+00, 0.00000E+00, 0.00000E+00
909, 7.35913E+01, 8.92827E+00, -5.18552E+01, 0.00000E+00, 0.00000E+00, 0.00000E+00
910, 3.00468E+02, -1.06116E+02, 9.99345E+01, 0.00000E+00, 0.00000E+00, 0.00000E+00
911, 1.96745E+02, -1.53602E+02, -1.50000E+02, 0.00000E+00, 0.00000E+00, 0.00000E+00
912, 2.36347E+02, -6.79389E+01, -1.33335E+02, 0.00000E+00, 0.00000E+00, 0.00000E+00
913, 1.54607E+02, 4.84903E+00, 1.95222E+02, 0.00000E+00, 0.00000E+00, 0.00000E+00
914, 1.76095E+02, 3.94119E+01, 2.19184E+02, 0.00000E+00, 0.00000E+00, 0.00000E+00
915, 6.43631E+01, -2.19604E+01, -5.60709E+01, 0.00000E+00, 0.00000E+00, 0.00000E+00
916, 2.75804E+02, -1.27057E+02, 9.88027E+01, 0.00000E+00, 0.00000E+00, 0.00000E+00
917, 7.63164E+01, 1.67153E+01, -2.78468E+01, 0.00000E+00, 0.00000E+00, 0.00000E+00
918, 2.99747E+02, -1.07339E+02, 1.25415E+02, 0.00000E+00, 0.00000E+00, 0.00000E+00
919, 1.99000E+02, -1.42527E+02, -1.33333E+02, 0.00000E+00, 0.00000E+00, 0.00000E+00
920, 2.28873E+02, -7.62690E+01, -1.16668E+02, 0.00000E+00, 0.00000E+00, 0.00000E+00
921, 1.54318E+02, 3.99339E+00, 2.21047E+02, 0.00000E+00, 0.00000E+00, 0.00000E+00
922, 1.76975E+02, 3.69350E+01, 2.45457E+02, 0.00000E+00, 0.00000E+00, 0.00000E+00
923, 2.73966E+02, -1.27465E+02, 1.24140E+02, 0.00000E+00, 0.00000E+00, 0.00000E+00
924, 6.92147E+01, -1.31355E+01, -3.21287E+01, 0.00000E+00, 0.00000E+00, 0.00000E+00
925, 7.83989E+01, 2.38411E+01, -3.71044E+00, 0.00000E+00, 0.00000E+00, 0.00000E+00
926, 2.98579E+02, -1.09061E+02, 1.50749E+02, 0.00000E+00, 0.00000E+00, 0.00000E+00
927, 2.01255E+02, -1.31452E+02, -1.16665E+02, 0.00000E+00, 0.00000E+00, 0.00000E+00
928, 2.21400E+02, -8.45979E+01, -1.00000E+02, 0.00000E+00, 0.00000E+00, 0.00000E+00
929, 1.53931E+02, 2.53252E+00, 2.46774E+02, 0.00000E+00, 0.00000E+00, 0.00000E+00
930, 1.77488E+02, 3.37109E+01, 2.71628E+02, 0.00000E+00, 0.00000E+00, 0.00000E+00
931, 7.24345E+01, -5.83093E+00, -7.32265E+00, 0.00000E+00, 0.00000E+00, 0.00000E+00
932, 2.71806E+02, -1.28196E+02, 1.49488E+02, 0.00000E+00, 0.00000E+00, 0.00000E+00
933, 8.00752E+01, 3.00183E+01, 2.06775E+01, 0.00000E+00, 0.00000E+00, 0.00000E+00
934, 2.03511E+02, -1.20375E+02, -1.00000E+02, 0.00000E+00, 0.00000E+00, 0.00000E+00
935, 3.31002E+02, -1.32844E+02, -2.00000E+02, 0.00000E+00, 0.00000E+00, 0.00000E+00
936, 3.42806E+02, -1.09363E+02, -2.00000E+02, 0.00000E+00, 0.00000E+00, 0.00000E+00
937, 3.42806E+02, -1.09363E+02, -1.75000E+02, 0.00000E+00, 0.00000E+00, 0.00000E+00
938, 3.31002E+02, -1.32844E+02, -1.75000E+02, 0.00000E+00, 0.00000E+00, 0.00000E+00
939, 3.19199E+02, -1.56326E+02, -2.00000E+02, 0.00000E+00, 0.00000E+00, 0.00000E+00
940, 3.19199E+02, -1.56326E+02, -1.75000E+02, 0.00000E+00, 0.00000E+00, 0.00000E+00
941, 3.07395E+02, -1.79808E+02, -2.00000E+02, 0.00000E+00, 0.00000E+00, 0.00000E+00
942, 3.07395E+02, -1.79808E+02, -1.75000E+02, 0.00000E+00, 0.00000E+00, 0.00000E+00
943, 2.95592E+02, -2.03289E+02, -2.00000E+02, 0.00000E+00, 0.00000E+00, 0.00000E+00
944, 2.95592E+02, -2.03289E+02, -1.75000E+02, 0.00000E+00, 0.00000E+00, 0.00000E+00
945, 3.42806E+02, -1.09363E+02, -1.50000E+02, 0.00000E+00, 0.00000E+00, 0.00000E+00
946, 3.31002E+02, -1.32844E+02, -1.50000E+02, 0.00000E+00, 0.00000E+00, 0.00000E+00
947, 3.19199E+02, -1.56326E+02, -1.50000E+02, 0.00000E+00, 0.00000E+00, 0.00000E+00
948, 3.07395E+02, -1.79808E+02, -1.50000E+02, 0.00000E+00, 0.00000E+00, 0.00000E+00
949, 2.95592E+02, -2.03289E+02, -1.50000E+02, 0.00000E+00, 0.00000E+00, 0.00000E+00
950, 3.31819E+02, -1.15849E+02, -1.33333E+02, 0.00000E+00, 0.00000E+00, 0.00000E+00
951, 3.22459E+02, -1.34485E+02, -1.33333E+02, 0.00000E+00, 0.00000E+00, 0.00000E+00
952, 3.13100E+02, -1.53120E+02, -1.33333E+02, 0.00000E+00, 0.00000E+00, 0.00000E+00
953, 3.03740E+02, -1.71756E+02, -1.33333E+02, 0.00000E+00, 0.00000E+00, 0.00000E+00
954, 2.94380E+02, -1.90392E+02, -1.33333E+02, 0.00000E+00, 0.00000E+00, 0.00000E+00
955, 3.20832E+02, -1.22335E+02, -1.16667E+02, 0.00000E+00, 0.00000E+00, 0.00000E+00
956, 3.13916E+02, -1.36125E+02, -1.16667E+02, 0.00000E+00, 0.00000E+00, 0.00000E+00
957, 3.07000E+02, -1.49915E+02, -1.16667E+02, 0.00000E+00, 0.00000E+00, 0.00000E+00
958, 3.00085E+02, -1.63705E+02, -1.16667E+02, 0.00000E+00, 0.00000E+00, 0.00000E+00
959, 2.93169E+02, -1.77495E+02, -1.16667E+02, 0.00000E+00, 0.00000E+00, 0.00000E+00
960, 3.09846E+02, -1.28821E+02, -1.00000E+02, 0.00000E+00, 0.00000E+00, 0.00000E+00
961, 3.05373E+02, -1.37765E+02, -1.00000E+02, 0.00000E+00, 0.00000E+00, 0.00000E+00
962, 3.00901E+02, -1.46709E+02, -1.00000E+02, 0.00000E+00, 0.00000E+00, 0.00000E+00
963, 2.96429E+02, -1.55654E+02, -1.00000E+02, 0.00000E+00, 0.00000E+00, 0.00000E+00
964, 2.91957E+02, -1.64598E+02, -1.00000E+02, 0.00000E+00, 0.00000E+00, 0.00000E+00
965, 3.10210E+02, -1.28451E+02, -7.47683E+01, 0.00000E+00, 0.00000E+00, 0.00000E+00
966, 3.06128E+02, -1.35317E+02, -7.51409E+01, 0.00000E+00, 0.00000E+00, 0.00000E+00
967, 3.02046E+02, -1.42182E+02, -7.55134E+01, 0.00000E+00, 0.00000E+00, 0.00000E+00
968, 2.97964E+02, -1.49048E+02, -7.58859E+01, 0.00000E+00, 0.00000E+00, 0.00000E+00
969, 2.93882E+02, -1.55914E+02, -7.62585E+01, 0.00000E+00, 0.00000E+00, 0.00000E+00
970, 3.10328E+02, -1.28330E+02, -4.95319E+01, 0.00000E+00, 0.00000E+00, 0.00000E+00
971, 3.06500E+02, -1.33802E+02, -5.00429E+01, 0.00000E+00, 0.00000E+00, 0.00000E+00
972, 3.02671E+02, -1.39273E+02, -5.05538E+01, 0.00000E+00, 0.00000E+00, 0.00000E+00
973, 2.98842E+02, -1.44745E+02, -5.10648E+01, 0.00000E+00, 0.00000E+00, 0.00000E+00
974, 2.95013E+02, -1.50216E+02, -5.15757E+01, 0.00000E+00, 0.00000E+00, 0.00000E+00
975, 3.10201E+02, -1.28460E+02, -2.42956E+01, 0.00000E+00, 0.00000E+00, 0.00000E+00
976, 3.06492E+02, -1.33133E+02, -2.48225E+01, 0.00000E+00, 0.00000E+00, 0.00000E+00
977, 3.02783E+02, -1.37806E+02, -2.53495E+01, 0.00000E+00, 0.00000E+00, 0.00000E+00
978, 2.99073E+02, -1.42480E+02, -2.58765E+01, 0.00000E+00, 0.00000E+00, 0.00000E+00
979, 2.95364E+02, -1.47153E+02, -2.64035E+01, 0.00000E+00, 0.00000E+00, 0.00000E+00
980, 3.09827E+02, -1.28840E+02, 9.35827E-01, 0.00000E+00, 0.00000E+00, 0.00000E+00
981, 3.06126E+02, -1.33144E+02, 4.36055E-01, 0.00000E+00, 0.00000E+00, 0.00000E+00
982, 3.02425E+02, -1.37449E+02, -6.37182E-02, 0.00000E+00, 0.00000E+00, 0.00000E+00
983, 2.98723E+02, -1.41753E+02, -5.63491E-01, 0.00000E+00, 0.00000E+00, 0.00000E+00
984, 2.95022E+02, -1.46057E+02, -1.06326E+00, 0.00000E+00, 0.00000E+00, 0.00000E+00
985, 3.09205E+02, -1.29472E+02, 2.61573E+01, 0.00000E+00, 0.00000E+00, 0.00000E+00
986, 3.05431E+02, -1.33633E+02, 2.56903E+01, 0.00000E+00, 0.00000E+00, 0.00000E+00
987, 3.01657E+02, -1.37794E+02, 2.52234E+01, 0.00000E+00, 0.00000E+00, 0.00000E+00
988, 2.97884E+02, -1.41956E+02, 2.47565E+01, 0.00000E+00, 0.00000E+00, 0.00000E+00
989, 2.94110E+02, -1.46117E+02, 2.42896E+01, 0.00000E+00, 0.00000E+00, 0.00000E+00
990, 3.08336E+02, -1.30355E+02, 5.13639E+01, 0.00000E+00, 0.00000E+00, 0.00000E+00
991, 3.04438E+02, -1.34415E+02, 5.09274E+01, 0.00000E+00, 0.00000E+00, 0.00000E+00
992, 3.00541E+02, -1.38475E+02, 5.04909E+01, 0.00000E+00, 0.00000E+00, 0.00000E+00
993, 2.96643E+02, -1.42535E+02, 5.00544E+01, 0.00000E+00, 0.00000E+00, 0.00000E+00
994, 2.92745E+02, -1.46595E+02, 4.96179E+01, 0.00000E+00, 0.00000E+00, 0.00000E+00
995, 3.07220E+02, -1.31489E+02, 7.65507E+01, 0.00000E+00, 0.00000E+00, 0.00000E+00
996, 3.03164E+02, -1.35434E+02, 7.61426E+01, 0.00000E+00, 0.00000E+00, 0.00000E+00
997, 2.99108E+02, -1.39379E+02, 7.57345E+01, 0.00000E+00, 0.00000E+00, 0.00000E+00
998, 2.95052E+02, -1.43324E+02, 7.53264E+01, 0.00000E+00, 0.00000E+00, 0.00000E+00
999, 2.90996E+02, -1.47269E+02, 7.49183E+01, 0.00000E+00, 0.00000E+00, 0.00000E+00
1000, 3.05857E+02, -1.32874E+02, 1.01713E+02, 0.00000E+00, 0.00000E+00, 0.00000E+00
1001, 3.01623E+02, -1.36668E+02, 1.01332E+02, 0.00000E+00, 0.00000E+00, 0.00000E+00
1002, 2.97388E+02, -1.40462E+02, 1.00952E+02, 0.00000E+00, 0.00000E+00, 0.00000E+00
1003, 2.93153E+02, -1.44255E+02, 1.00571E+02, 0.00000E+00, 0.00000E+00, 0.00000E+00
1004, 2.88919E+02, -1.48049E+02, 1.00191E+02, 0.00000E+00, 0.00000E+00, 0.00000E+00
1005, 3.04248E+02, -1.34510E+02, 1.26845E+02, 0.00000E+00, 0.00000E+00, 0.00000E+00
1006, 2.99826E+02, -1.38114E+02, 1.26493E+02, 0.00000E+00, 0.00000E+00, 0.00000E+00
1007, 2.95404E+02, -1.41717E+02, 1.26140E+02, 0.00000E+00, 0.00000E+00, 0.00000E+00
1008, 2.90982E+02, -1.45321E+02, 1.25788E+02, 0.00000E+00, 0.00000E+00, 0.00000E+00
1009, 2.86560E+02, -1.48925E+02, 1.25436E+02, 0.00000E+00, 0.00000E+00, 0.00000E+00
1010, 3.02392E+02, -1.36396E+02, 1.51943E+02, 0.00000E+00, 0.00000E+00, 0.00000E+00
1011, 2.97783E+02, -1.39784E+02, 1.51620E+02, 0.00000E+00, 0.00000E+00, 0.00000E+00
1012, 2.93174E+02, -1.43172E+02, 1.51297E+02, 0.00000E+00, 0.00000E+00, 0.00000E+00
1013, 2.88565E+02, -1.46560E+02, 1.50974E+02, 0.00000E+00, 0.00000E+00, 0.00000E+00
1014, 2.83957E+02, -1.49948E+02, 1.50651E+02, 0.00000E+00, 0.00000E+00, 0.00000E+00
